14.509803921568627, 27.84313725490196, 651.0, 91,
0, 14.509803921568627, 27.84313725490196, 639.5, 91,
0, 14.509803921568627, 27.84313725490196, 641.5, 91,
0, 14.509803921568627, 27.84313725490196, 657.5, 91,
0, 14.509803921568627, 27.84313725490196, 659.5, 91,
0, 14.509803921568627, 27.84313725490196, 644.5, 91,
0, 14.509803921568627, 27.84313725490196, 640.5, 91,
0, 14.509803921568627, 27.84313725490196, 647.5, 91,
0, 14.509803921568627, 27.84313725490196, 656.0, 91,
0, 14.509803921568627, 27.84313725490196, 650.0, 91,
0, 14.509803921568627, 28.235294117647058, 640.0, 91,
0, 14.509803921568627, 28.235294117647058, 642.5, 91,
0, 14.509803921568627, 28.235294117647058, 654.5, 91,
0, 14.509803921568627, 28.235294117647058, 654.0, 91,
0, 14.509803921568627, 28.235294117647058, 643.5, 91,
0, 14.509803921568627, 28.235294117647058, 641.0, 91,
0, 14.509803921568627, 28.235294117647058, 649.5, 91,
0, 14.509803921568627, 28.235294117647058, 659.5, 91,
0, 14.509803921568627, 27.84313725490196, 646.5, 91,
0, 14.509803921568627, 28.235294117647058, 639.0, 91,
0, 14.509803921568627, 28.235294117647058, 657.5, 91,
0, 14.509803921568627, 28.235294117647058, 653.0, 91,
0, 14.509803921568627, 28.235294117647058, 644.5, 91,
0, 14.509803921568627, 27.84313725490196, 638.5, 91,
0, 14.509803921568627, 27.84313725490196, 649.5, 91,
0, 14.509803921568627, 28.235294117647058, 656.5, 91,
0, 14.509803921568627, 28.235294117647058, 648.5, 91,
0, 14.509803921568627, 27.84313725490196, 639.0, 91,
0, 14.509803921568627, 28.235294117647058, 645.5, 91,
0, 14.509803921568627, 27.84313725490196, 659.5, 91,
0, 14.509803921568627, 28.235294117647058, 655.0, 91,
0, 14.509803921568627, 28.235294117647058, 643.0, 91,
0, 14.509803921568627, 27.84313725490196, 641.5, 91,
0, 14.509803921568627, 27.84313725490196, 649.5, 91,
0, 14.509803921568627, 28.235294117647058, 657.0, 91,
0, 14.509803921568627, 28.235294117647058, 652.5, 91,
0, 14.509803921568627, 28.235294117647058, 645.5, 92,
0, 14.901960784313726, 29.41176470588235, 640.5, 92,
0, 14.509803921568627, 28.235294117647058, 655.5, 92,
0, 14.509803921568627, 28.235294117647058, 653.0, 92,
0, 14.509803921568627, 28.235294117647058, 651.5, 92,
0, 14.509803921568627, 28.235294117647058, 639.5, 92,
0, 14.509803921568627, 28.235294117647058, 643.0, 92,
0, 14.509803921568627, 28.235294117647058, 655.0, 92,
0, 14.509803921568627, 27.84313725490196, 657.5, 92,
0, 14.509803921568627, 27.84313725490196, 651.5, 92,
0, 14.509803921568627, 28.235294117647058, 640.5, 92,
0, 14.509803921568627, 29.019607843137255, 645.5, 92,
0, 14.901960784313726, 31.764705882352942, 575.0, 92,
0, 15.294117647058824, 43.529411764705884, 582.5, 92,
0, 16.07843137254902, 45.88235294117647, 679.5, 92,
0, 16.07843137254902, 47.84313725490196, 569.0, 92,
0, 16.470588235294116, 54.90196078431372, 596.0, 92,
1, 16.862745098039216, 57.254901960784316, 620.0, 92,
2, 16.470588235294116, 36.86274509803921, 1104.0, 92,
1, 16.470588235294116, 30.58823529411765, 1052.0, 92,
0, 16.07843137254902, 29.019607843137255, 956.0, 92,
0, 15.686274509803921, 31.372549019607842, 794.5, 92,
0, 15.686274509803921, 35.294117647058826, 648.0, 92,
0, 15.294117647058824, 35.68627450980392, 710.5, 92,
0, 17.647058823529413, 57.64705882352941, 760.5, 92,
2, 18.431372549019606, 50.98039215686274, 1114.5, 92,
5, 18.03921568627451, 44.705882352941174, 924.0, 92,
6, 16.07843137254902, 30.980392156862745, 906.5, 93,
5, 15.294117647058824, 30.58823529411765, 817.5, 93,
2, 15.294117647058824, 29.019607843137255, 773.5, 93,
0, 15.294117647058824, 30.58823529411765, 726.5, 93,
0, 14.901960784313726, 31.372549019607842, 675.5, 93,
0, 14.509803921568627, 35.68627450980392, 657.5, 93,
0, 15.686274509803921, 40.78431372549019, 636.5, 93,
1, 16.470588235294116, 36.470588235294116, 1148.5, 93,
2, 16.07843137254902, 36.86274509803921, 747.5, 93,
1, 15.686274509803921, 34.90196078431372, 739.5, 93,
1, 15.294117647058824, 34.509803921568626, 690.5, 93,
0, 16.07843137254902, 47.84313725490196, 522.0, 93,
0, 18.431372549019606, 60.3921568627451, 1057.5, 93,
0, 18.431372549019606, 50.19607843137255, 787.5, 93,
0, 21.176470588235293, 71.76470588235294, 1000.5, 93,
0, 24.313725490196077, 32.94117647058823, 1059.0, 93,
0, 18.431372549019606, 64.31372549019608, 916.5, 93,
0, 20.0, 53.72549019607843, 1409.5, 93,
0, 23.137254901960784, 79.2156862745098, 758.5, 93,
2, 13.72549019607843, 25.49019607843137, 978.5, 93,
2, 19.215686274509803, 62.35294117647059, 1629.5, 93,
3, 15.294117647058824, 24.705882352941178, 895.5, 93,
1, 15.294117647058824, 26.666666666666668, 798.5, 93,
0, 15.294117647058824, 29.41176470588235, 713.5, 94,
0, 14.901960784313726, 30.58823529411765, 654.0, 94,
0, 16.470588235294116, 46.27450980392157, 684.5, 94,
0, 16.862745098039216, 40.78431372549019, 932.0, 94,
0, 18.823529411764707, 48.627450980392155, 1389.5, 94,
0, 20.0, 37.64705882352941, 1918.5, 94,
2, 19.607843137254903, 41.96078431372549, 1697.5, 94,
4, 19.607843137254903, 27.84313725490196, 972.0, 94,
5, 16.07843137254902, 34.90196078431372, 938.0, 95,
5, 15.686274509803921, 29.80392156862745, 861.5, 95,
4, 18.431372549019606, 49.01960784313726, 734.5, 95,
6, 20.0, 63.92156862745098, 1027.5, 95,
9, 22.745098039215687, 70.58823529411765, 1591.0, 95,
14, 24.705882352941178, 23.92156862745098, 1805.5, 95,
16, 14.901960784313726, 21.568627450980394, 967.5, 95,
13, 14.901960784313726, 23.137254901960784, 745.0, 95,
8, 14.509803921568627, 26.274509803921568, 670.0, 95,
4, 14.117647058823529, 27.058823529411764, 644.5, 95,
3, 17.647058823529413, 37.64705882352941, 1513.5, 95,
2, 15.294117647058824, 22.352941176470587, 960.0, 95,
1, 14.901960784313726, 25.49019607843137, 766.0, 95,
0, 14.901960784313726, 29.019607843137255, 778.0, 95,
0, 18.03921568627451, 32.15686274509804, 1571.0, 95,
1, 17.647058823529413, 23.529411764705884, 766.5, 95,
2, 16.470588235294116, 42.745098039215684, 749.5, 95,
3, 15.686274509803921, 38.431372549019606, 669.5, 95,
2, 15.294117647058824, 37.64705882352941, 621.0, 95,
2, 17.254901960784313, 47.84313725490196, 834.0, 95,
4, 16.862745098039216, 42.35294117647059, 707.5, 95,
5, 16.07843137254902, 44.31372549019608, 677.5, 96,
5, 17.254901960784313, 54.90196078431372, 912.0, 96,
7, 18.03921568627451, 49.01960784313726, 1187.0, 96,
9, 19.607843137254903, 50.588235294117645, 1529.5, 96,
12, 20.0, 41.96078431372549, 1903.5, 96,
15, 21.176470588235293, 43.92156862745098, 2229.0, 96,
16, 16.470588235294116, 25.098039215686274, 1174.0, 96,
16, 18.431372549019606, 44.705882352941174, 1246.5, 96,
17, 19.607843137254903, 55.68627450980392, 1344.5, 96,
19, 20.392156862745097, 55.68627450980392, 1489.5, 96,
21, 20.392156862745097, 53.333333333333336, 1636.5, 96,
23, 20.784313725490197, 51.76470588235294, 1737.5, 96,
24, 14.901960784313726, 21.568627450980394, 1044.0, 96,
23, 14.901960784313726, 22.745098039215687, 802.0, 96,
22, 14.509803921568627, 26.274509803921568, 695.5, 96,
21, 14.509803921568627, 23.137254901960784, 969.5, 96,
21, 16.862745098039216, 37.254901960784316, 1056.0, 96,
21, 17.647058823529413, 41.1764705882353, 1045.5, 96,
22, 18.03921568627451, 45.490196078431374, 1068.0, 96,
22, 18.431372549019606, 49.01960784313726, 1107.0, 96,
23, 18.431372549019606, 49.01960784313726, 1148.0, 96,
24, 18.431372549019606, 46.27450980392157, 1180.5, 96,
24, 14.509803921568627, 23.529411764705884, 800.0, 96,
21, 14.117647058823529, 25.49019607843137, 670.0, 96,
20, 16.470588235294116, 29.019607843137255, 1033.0, 96,
20, 19.215686274509803, 58.8235294117647, 1001.5, 96,
21, 20.784313725490197, 67.84313725490196, 1078.5, 96,
23, 20.784313725490197, 67.05882352941177, 1141.0, 96,
25, 9.803921568627452, 25.098039215686274, 895.5, 96,
24, 14.509803921568627, 26.274509803921568, 777.5, 96,
22, 14.901960784313726, 26.274509803921568, 832.0, 96,
21, 14.509803921568627, 20.392156862745097, 1018.0, 96,
20, 16.470588235294116, 28.235294117647058, 1028.5, 96,
20, 17.647058823529413, 43.529411764705884, 978.5, 96,
20, 17.647058823529413, 44.705882352941174, 995.0, 96,
21, 12.156862745098039, 24.313725490196077, 962.0, 96,
20, 14.509803921568627, 19.607843137254903, 997.0, 96,
20, 16.862745098039216, 40.78431372549019, 935.0, 96,
20, 17.647058823529413, 47.05882352941177, 948.0, 96,
19, 20.0, 64.70588235294117, 1000.5, 96,
21, 15.294117647058824, 32.549019607843135, 1053.5, 96,
22, 16.470588235294116, 34.509803921568626, 1047.0, 96,
22, 17.647058823529413, 43.92156862745098, 1054.5, 96,
22, 19.215686274509803, 56.86274509803921, 1099.0, 96,
23, 18.823529411764707, 37.64705882352941, 1151.0, 96,
23, 14.901960784313726, 23.529411764705884, 1073.0, 96,
23, 20.392156862745097, 58.8235294117647, 1132.0, 96,
23, 20.0, 62.35294117647059, 1165.0, 96,
25, 20.0, 60.3921568627451, 1208.0, 96,
25, 14.901960784313726, 19.215686274509803, 1197.0, 96,
24, 14.901960784313726, 18.823529411764707, 1156.5, 96,
23, 17.254901960784313, 34.90196078431372, 1112.5, 96,
23, 18.823529411764707, 50.588235294117645, 1130.0, 96,
24, 20.784313725490197, 48.627450980392155, 1151.5, 96,
24, 14.901960784313726, 18.823529411764707, 1148.5, 96,
23, 18.431372549019606, 55.68627450980392, 1144.5, 96,
24, 20.784313725490197, 67.05882352941177, 1208.0, 96,
26, 20.392156862745097, 61.1764705882353, 1262.5, 96,
27, 21.176470588235293, 72.54901960784314, 1335.5, 96,
28, 15.294117647058824, 21.96078431372549, 1367.5, 96,
27, 19.607843137254903, 53.333333333333336, 1353.5, 96,
29, 20.392156862745097, 58.431372549019606, 1405.0, 96,
30, 15.686274509803921, 22.352941176470587, 1042.5, 96,
28, 14.901960784313726, 21.568627450980394, 829.0, 95,
23, 14.509803921568627, 24.705882352941178, 720.5, 95,
19, 14.509803921568627, 26.666666666666668, 662.5, 95,
18, 14.117647058823529, 27.058823529411764, 639.0, 95,
15, 14.117647058823529, 27.84313725490196, 652.0, 95,
8, 14.117647058823529, 28.235294117647058, 634.5, 95,
4, 14.117647058823529, 28.235294117647058, 644.5, 95,
3, 14.509803921568627, 29.41176470588235, 640.0, 95,
2, 14.509803921568627, 29.41176470588235, 651.5, 95,
1, 16.862745098039216, 44.705882352941174, 892.0, 95,
2, 18.431372549019606, 56.470588235294116, 822.0, 95,
6, 21.568627450980394, 70.19607843137256, 1254.0, 95,
11, 21.568627450980394, 59.21568627450981, 1866.5, 95,
15, 23.92156862745098, 59.6078431372549, 2457.5, 95,
19, 19.607843137254903, 25.098039215686274, 2487.0, 95,
20, 16.862745098039216, 24.313725490196077, 1503.5, 95,
20, 20.392156862745097, 69.41176470588235, 1635.0, 95,
24, 25.88235294117647, 77.25490196078431, 1920.5, 95,
27, 27.058823529411764, 77.6470588235294, 2207.0, 95,
32, 27.058823529411764, 69.80392156862744, 2235.0, 95,
33, 16.07843137254902, 20.392156862745097, 1647.0, 95,
32, 20.784313725490197, 52.94117647058823, 1566.0, 95,
33, 20.392156862745097, 53.72549019607843, 1623.0, 95,
34, 20.784313725490197, 53.333333333333336, 1674.0, 95,
35, 20.784313725490197, 52.94117647058823, 1683.5, 95,
35, 20.784313725490197, 55.294117647058826, 1730.5, 95,
37, 21.568627450980394, 39.21568627450981, 1774.0, 95,
37, 17.647058823529413, 27.058823529411764, 1803.5, 95,
37, 20.0, 43.13725490196079, 1801.5, 95,
38, 20.784313725490197, 49.80392156862745, 1835.5, 94,
39, 21.176470588235293, 50.98039215686274, 1870.5, 94,
39, 21.568627450980394, 54.509803921568626, 1914.0, 93,
40, 20.784313725490197, 33.333333333333336, 1948.0, 93,
40, 16.470588235294116, 18.823529411764707, 1864.5, 93,
39, 16.862745098039216, 21.568627450980394, 1823.0, 93,
37, 16.862745098039216, 22.745098039215687, 1746.5, 93,
35, 16.470588235294116, 20.0, 1678.5, 93,
34, 14.901960784313726, 20.392156862745097, 953.5, 93,
27, 14.509803921568627, 23.529411764705884, 770.0, 92,
21, 14.509803921568627, 25.88235294117647, 692.0, 92,
16, 14.509803921568627, 24.705882352941178, 1255.5, 92,
17, 22.745098039215687, 81.17647058823529, 1391.0, 92,
20, 29.41176470588235, 92.15686274509804, 1608.5, 92,
24, 32.15686274509804, 91.76470588235294, 1918.5, 92,
29, 33.72549019607843, 84.31372549019608, 2221.5, 92,
31, 16.470588235294116, 16.07843137254902, 2278.5, 92,
31, 19.607843137254903, 50.588235294117645, 2290.5, 92,
32, 17.647058823529413, 23.92156862745098, 1688.0, 91,
31, 14.901960784313726, 19.215686274509803, 1373.0, 91,
31, 20.0, 53.333333333333336, 1505.0, 91,
32, 20.392156862745097, 53.333333333333336, 1558.0, 91,
33, 20.392156862745097, 51.372549019607845, 1601.0, 91,
34, 16.07843137254902, 18.03921568627451, 1610.0, 91,
33, 16.07843137254902, 21.176470588235293, 1526.5, 91,
30, 15.686274509803921, 21.176470588235293, 1322.5, 91,
25, 14.901960784313726, 19.607843137254903, 1121.5, 91,
22, 20.784313725490197, 52.15686274509804, 1044.0, 90,
23, 21.96078431372549, 75.29411764705883, 1131.0, 90,
25, 23.92156862745098, 83.13725490196079, 1247.0, 90,
27, 24.705882352941178, 84.70588235294117, 1334.5, 90,
28, 14.901960784313726, 19.215686274509803, 1363.0, 90,
27, 18.431372549019606, 44.705882352941174, 1327.5, 90,
28, 20.392156862745097, 60.3921568627451, 1367.0, 90,
29, 21.568627450980394, 67.84313725490196, 1454.0, 90,
31, 23.137254901960784, 76.47058823529412, 1524.5, 90,
32, 15.686274509803921, 16.862745098039216, 1518.5, 90,
31, 12.156862745098039, 19.215686274509803, 1491.0, 90,
31, 14.901960784313726, 18.431372549019606, 1293.0, 90,
30, 14.901960784313726, 21.176470588235293, 913.0, 90,
24, 14.509803921568627, 24.705882352941178, 752.0, 90,
21, 14.509803921568627, 26.666666666666668, 690.0, 90,
14, 14.117647058823529, 27.058823529411764, 645.0, 90,
7, 14.117647058823529, 28.235294117647058, 635.0, 90,
5, 14.117647058823529, 28.627450980392158, 653.0, 90,
4, 17.647058823529413, 54.90196078431372, 860.5, 90,
6, 18.03921568627451, 50.98039215686274, 1182.0, 90,
10, 20.0, 57.254901960784316, 1644.5, 90,
13, 23.137254901960784, 60.0, 2236.0, 90,
18, 24.313725490196077, 54.90196078431372, 2790.5, 90,
22, 20.0, 25.098039215686274, 2512.5, 90,
22, 25.098039215686274, 23.92156862745098, 2689.5, 90,
21, 17.254901960784313, 23.92156862745098, 1459.0, 90,
21, 14.901960784313726, 49.80392156862745, 1426.5, 90,
20, 24.705882352941178, 52.549019607843135, 3068.5, 90,
23, 18.823529411764707, 24.705882352941178, 2309.5, 90,
23, 20.392156862745097, 54.11764705882353, 1757.5, 90,
25, 22.352941176470587, 60.0, 1906.0, 90,
27, 22.745098039215687, 38.03921568627451, 1855.0, 90,
27, 14.901960784313726, 22.352941176470587, 999.0, 90,
25, 14.901960784313726, 25.88235294117647, 806.5, 90,
21, 14.901960784313726, 28.627450980392158, 724.5, 91,
17, 14.509803921568627, 30.58823529411765, 658.0, 91,
15, 14.509803921568627, 32.15686274509804, 640.0, 91,
16, 14.901960784313726, 30.980392156862745, 1256.0, 91,
16, 20.392156862745097, 50.588235294117645, 1112.5, 91,
17, 20.392156862745097, 60.78431372549019, 1355.0, 91,
19, 22.352941176470587, 72.94117647058823, 1546.0, 91,
23, 23.92156862745098, 72.94117647058823, 1800.5, 91,
26, 18.823529411764707, 31.372549019607842, 1991.0, 91,
27, 23.92156862745098, 66.66666666666667, 2114.5, 90,
30, 25.49019607843137, 69.80392156862744, 2316.5, 90,
33, 17.647058823529413, 26.274509803921568, 1667.5, 90,
32, 15.686274509803921, 29.41176470588235, 1458.0, 90,
32, 20.784313725490197, 28.235294117647058, 1495.0, 90,
31, 15.686274509803921, 20.392156862745097, 1509.5, 90,
30, 15.294117647058824, 19.607843137254903, 1386.0, 90,
28, 15.294117647058824, 21.568627450980394, 1420.0, 90,
27, 31.764705882352942, 97.25490196078431, 1413.5, 90,
29, 12.156862745098039, 20.784313725490197, 1311.0, 90,
26, 14.509803921568627, 19.215686274509803, 971.0, 90,
20, 14.509803921568627, 24.313725490196077, 748.5, 90,
19, 18.823529411764707, 40.78431372549019, 1511.0, 90,
19, 19.607843137254903, 52.15686274509804, 1506.0, 90,
21, 20.0, 51.372549019607845, 1641.0, 90,
23, 22.745098039215687, 63.92156862745098, 1831.5, 90,
25, 16.862745098039216, 31.764705882352942, 1856.0, 90,
26, 23.529411764705884, 64.70588235294117, 2024.5, 90,
28, 16.862745098039216, 22.745098039215687, 1898.0, 90,
24, 16.862745098039216, 21.96078431372549, 1454.5, 90,
16, 14.901960784313726, 21.96078431372549, 1057.0, 90,
13, 16.470588235294116, 40.78431372549019, 986.0, 90,
13, 19.607843137254903, 62.35294117647059, 987.0, 90,
13, 14.509803921568627, 24.705882352941178, 906.5, 90,
13, 20.784313725490197, 73.72549019607843, 1022.0, 90,
15, 23.137254901960784, 78.82352941176471, 1324.5, 90,
20, 17.254901960784313, 23.529411764705884, 1633.5, 90,
20, 21.568627450980394, 59.6078431372549, 1602.5, 90,
23, 18.03921568627451, 24.705882352941178, 1729.0, 90,
24, 19.607843137254903, 25.098039215686274, 1859.5, 90,
23, 16.470588235294116, 63.529411764705884, 1735.5, 90,
24, 23.529411764705884, 68.23529411764706, 1910.5, 90,
26, 14.901960784313726, 23.529411764705884, 1083.0, 90,
19, 14.509803921568627, 23.529411764705884, 839.0, 90,
17, 22.352941176470587, 69.01960784313725, 1355.0, 90,
19, 22.745098039215687, 72.15686274509804, 1562.0, 90,
23, 23.529411764705884, 70.98039215686275, 1795.0, 90,
25, 25.49019607843137, 76.86274509803921, 1985.0, 90,
28, 26.274509803921568, 75.29411764705883, 2242.5, 90,
31, 17.254901960784313, 25.88235294117647, 1466.0, 90,
30, 18.823529411764707, 46.27450980392157, 1478.5, 90,
31, 21.568627450980394, 64.31372549019608, 1543.5, 90,
33, 21.96078431372549, 63.529411764705884, 1616.5, 91,
34, 14.901960784313726, 18.823529411764707, 1641.0, 91,
34, 20.392156862745097, 50.19607843137255, 1647.5, 91,
35, 20.392156862745097, 52.15686274509804, 1690.5, 91,
35, 14.901960784313726, 21.96078431372549, 966.0, 91,
33, 14.901960784313726, 24.705882352941178, 803.0, 91,
27, 14.901960784313726, 27.45098039215686, 717.0, 91,
21, 14.509803921568627, 29.019607843137255, 1074.5, 91,
21, 21.96078431372549, 65.09803921568627, 1636.5, 91,
24, 27.45098039215686, 83.52941176470588, 1938.5, 91,
28, 30.58823529411765, 88.23529411764706, 2198.0, 91,
32, 30.19607843137255, 82.74509803921569, 2479.0, 90,
35, 29.80392156862745, 75.68627450980392, 2757.0, 90,
39, 20.392156862745097, 21.176470588235293, 2851.0, 90,
39, 17.647058823529413, 22.745098039215687, 1768.0, 90,
39, 21.96078431372549, 57.254901960784316, 1867.5, 90,
39, 16.07843137254902, 18.03921568627451, 1806.5, 90,
34, 16.07843137254902, 20.392156862745097, 1426.5, 90,
27, 15.294117647058824, 21.176470588235293, 1246.5, 90,
26, 22.745098039215687, 81.96078431372548, 1315.5, 90,
28, 25.88235294117647, 89.80392156862744, 1414.5, 90,
31, 28.627450980392158, 90.98039215686275, 1556.0, 90,
33, 13.72549019607843, 37.64705882352941, 1604.5, 90,
34, 23.137254901960784, 71.37254901960785, 1649.0, 90,
36, 25.49019607843137, 80.3921568627451, 1745.0, 90,
37, 27.45098039215686, 83.13725490196079, 1784.5, 90,
38, 22.745098039215687, 63.529411764705884, 1869.5, 90,
40, 23.529411764705884, 65.88235294117646, 1934.5, 90,
41, 15.294117647058824, 28.235294117647058, 1961.5, 90,
41, 18.03921568627451, 21.176470588235293, 1946.5, 90,
41, 16.07843137254902, 17.254901960784313, 1923.5, 90,
40, 20.784313725490197, 54.11764705882353, 1923.0, 90,
40, 15.686274509803921, 20.392156862745097, 1945.5, 90,
38, 16.862745098039216, 21.176470588235293, 1663.0, 89,
34, 16.07843137254902, 23.92156862745098, 1636.0, 89,
33, 20.392156862745097, 49.01960784313726, 1625.5, 89,
34, 20.0, 48.23529411764706, 1658.0, 88,
34, 18.431372549019606, 26.666666666666668, 1624.5, 88,
34, 16.07843137254902, 19.215686274509803, 1522.0, 88,
30, 15.686274509803921, 21.96078431372549, 1306.0, 88,
26, 14.901960784313726, 19.607843137254903, 1133.5, 88,
22, 14.509803921568627, 24.313725490196077, 844.0, 88,
19, 14.901960784313726, 26.666666666666668, 768.0, 88,
17, 15.294117647058824, 21.568627450980394, 1350.5, 88,
18, 14.901960784313726, 18.431372549019606, 1320.5, 88,
18, 19.607843137254903, 60.0, 1445.5, 88,
21, 23.137254901960784, 78.03921568627452, 1748.5, 88,
24, 29.41176470588235, 88.62745098039215, 1971.0, 88,
28, 31.764705882352942, 89.80392156862744, 2224.0, 88,
32, 31.764705882352942, 87.05882352941177, 2413.5, 88,
34, 16.862745098039216, 15.686274509803921, 2420.0, 88,
33, 16.470588235294116, 20.784313725490197, 1532.0, 88,
33, 23.92156862745098, 72.94117647058823, 1603.5, 88,
35, 25.098039215686274, 79.6078431372549, 1702.5, 88,
36, 25.098039215686274, 76.07843137254902, 1790.0, 88,
38, 16.07843137254902, 17.254901960784313, 1772.0, 89,
36, 16.862745098039216, 23.529411764705884, 1701.5, 89,
35, 16.470588235294116, 21.96078431372549, 1652.5, 90,
34, 15.294117647058824, 20.0, 1044.0, 90,
31, 14.901960784313726, 23.529411764705884, 824.0, 90,
26, 14.901960784313726, 26.666666666666668, 728.0, 90,
22, 14.509803921568627, 28.235294117647058, 837.5, 90,
21, 23.137254901960784, 78.03921568627452, 1003.0, 90,
21, 72.54901960784314, 90.58823529411765, 1057.5, 90,
23, 79.6078431372549, 94.90196078431373, 1162.0, 90,
25, 60.0, 97.25490196078431, 1276.0, 90,
28, 80.7843137254902, 69.41176470588235, 1369.0, 90,
29, 21.568627450980394, 71.37254901960785, 1436.5, 90,
30, 23.529411764705884, 78.43137254901961, 1497.0, 90,
32, 25.49019607843137, 83.52941176470588, 1586.0, 90,
34, 10.980392156862745, 25.098039215686274, 1157.0, 90,
33, 14.509803921568627, 21.568627450980394, 893.5, 90,
32, 19.215686274509803, 68.23529411764706, 1211.5, 90,
32, 22.352941176470587, 75.68627450980392, 1152.5, 90,
33, 20.0, 63.13725490196079, 1157.0, 90,
33, 21.176470588235293, 69.41176470588235, 1190.5, 90,
34, 20.784313725490197, 41.1764705882353, 1200.5, 90,
33, 14.901960784313726, 19.215686274509803, 1157.5, 90,
32, 20.0, 67.05882352941177, 1144.5, 90,
33, 21.176470588235293, 75.29411764705883, 1160.5, 90,
33, 22.352941176470587, 77.6470588235294, 1183.5, 90,
33, 23.529411764705884, 81.17647058823529, 1186.0, 90,
34, 11.372549019607844, 40.78431372549019, 1197.0, 90,
34, 22.352941176470587, 76.86274509803921, 1200.0, 90,
34, 24.313725490196077, 85.88235294117646, 1222.0, 90,
35, 25.88235294117647, 88.23529411764706, 1226.0, 90,
35, 26.666666666666668, 89.80392156862744, 1267.0, 90,
36, 27.45098039215686, 91.37254901960785, 1297.5, 90,
37, 27.84313725490196, 91.37254901960785, 1335.0, 90,
38, 14.117647058823529, 24.705882352941178, 934.0, 90,
36, 14.509803921568627, 24.313725490196077, 798.0, 90,
30, 14.509803921568627, 26.274509803921568, 712.0, 90,
25, 20.784313725490197, 67.84313725490196, 915.5, 90,
26, 49.411764705882355, 82.3529411764706, 910.5, 90,
26, 87.45098039215686, 85.49019607843137, 1364.5, 90,
25, 14.509803921568627, 22.352941176470587, 973.5, 90,
23, 23.529411764705884, 67.05882352941177, 1786.5, 90,
25, 27.45098039215686, 83.92156862745098, 1975.0, 90,
28, 31.764705882352942, 90.58823529411765, 2233.0, 89,
32, 32.15686274509804, 88.62745098039215, 2490.0, 89,
35, 24.313725490196077, 58.431372549019606, 2641.0, 88,
37, 29.41176470588235, 74.90196078431373, 2833.5, 88,
40, 23.137254901960784, 26.666666666666668, 2447.5, 88,
39, 16.470588235294116, 20.784313725490197, 1903.0, 88,
38, 17.647058823529413, 20.392156862745097, 1806.5, 88,
37, 15.686274509803921, 20.392156862745097, 1617.5, 88,
35, 14.901960784313726, 21.96078431372549, 912.5, 88,
30, 14.901960784313726, 28.235294117647058, 881.5, 88,
28, 21.568627450980394, 72.94117647058823, 1395.0, 88,
30, 24.313725490196077, 81.56862745098039, 1463.0, 88,
32, 25.88235294117647, 85.88235294117646, 1556.5, 88,
33, 27.058823529411764, 86.27450980392157, 1635.5, 89,
35, 27.45098039215686, 39.6078431372549, 1527.5, 89,
35, 14.509803921568627, 21.176470588235293, 970.0, 89,
34, 21.176470588235293, 69.01960784313725, 1213.0, 90,
34, 22.745098039215687, 83.13725490196079, 1195.0, 90,
34, 27.45098039215686, 92.54901960784314, 1240.5, 90,
36, 74.11764705882354, 97.25490196078431, 1293.5, 90,
37, 79.6078431372549, 97.6470588235294, 1331.0, 90,
39, 76.07843137254902, 98.43137254901961, 1383.5, 90,
39, 21.176470588235293, 63.529411764705884, 1432.5, 90,
39, 23.92156862745098, 82.74509803921569, 1397.5, 90,
40, 25.88235294117647, 88.62745098039215, 1447.0, 90,
41, 29.019607843137255, 92.54901960784314, 1482.5, 90,
42, 29.80392156862745, 92.94117647058823, 1525.5, 90,
43, 30.19607843137255, 92.94117647058823, 1562.0, 90,
45, 30.980392156862745, 69.80392156862744, 1497.0, 90,
44, 15.686274509803921, 19.215686274509803, 1538.5, 90,
43, 15.686274509803921, 18.431372549019606, 1467.5, 90,
41, 18.823529411764707, 43.92156862745098, 1424.0, 90,
41, 21.176470588235293, 63.529411764705884, 1456.0, 89,
42, 21.176470588235293, 65.88235294117646, 1472.5, 88,
42, 21.568627450980394, 67.05882352941177, 1504.0, 88,
43, 23.137254901960784, 75.29411764705883, 1530.0, 88,
44, 23.529411764705884, 75.68627450980392, 1577.5, 88,
45, 24.313725490196077, 77.25490196078431, 1609.5, 87,
47, 24.705882352941178, 78.03921568627452, 1590.5, 88,
46, 16.07843137254902, 20.0, 1601.5, 88,
45, 16.07843137254902, 19.215686274509803, 1567.0, 88,
44, 16.07843137254902, 19.607843137254903, 1523.5, 88,
43, 16.470588235294116, 59.6078431372549, 1542.5, 88,
44, 22.745098039215687, 70.98039215686275, 1566.0, 88,
45, 23.137254901960784, 35.294117647058826, 1533.5, 88,
45, 16.07843137254902, 19.607843137254903, 1535.0, 88,
41, 15.686274509803921, 20.784313725490197, 1324.5, 88,
34, 14.901960784313726, 19.215686274509803, 1054.0, 88,
27, 14.509803921568627, 21.176470588235293, 888.5, 88,
22, 14.509803921568627, 24.705882352941178, 760.5, 88,
17, 14.509803921568627, 26.666666666666668, 694.5, 88,
16, 14.509803921568627, 26.274509803921568, 836.5, 88,
13, 18.03921568627451, 65.49019607843137, 987.0, 88,
16, 25.88235294117647, 89.80392156862744, 1350.0, 88,
20, 29.80392156862745, 92.15686274509804, 1583.5, 88,
24, 30.58823529411765, 89.01960784313725, 1929.0, 88,
28, 31.764705882352942, 90.19607843137256, 2242.5, 88,
30, 15.294117647058824, 41.96078431372549, 1471.0, 88,
31, 23.137254901960784, 74.90196078431373, 1546.5, 88,
33, 25.098039215686274, 79.6078431372549, 1688.0, 88,
36, 27.45098039215686, 77.6470588235294, 1799.5, 88,
37, 22.352941176470587, 58.03921568627451, 1792.0, 88,
38, 23.92156862745098, 68.23529411764706, 1880.0, 88,
40, 24.705882352941178, 70.98039215686275, 1970.5, 88,
42, 25.098039215686274, 71.76470588235294, 2070.5, 88,
43, 22.745098039215687, 41.96078431372549, 1898.0, 88,
43, 14.901960784313726, 21.96078431372549, 1629.0, 88,
43, 20.784313725490197, 56.86274509803921, 1528.5, 88,
44, 11.372549019607844, 23.529411764705884, 1523.0, 88,
43, 20.0, 53.72549019607843, 1514.5, 88,
44, 22.352941176470587, 67.05882352941177, 1623.0, 88,
44, 23.137254901960784, 68.62745098039215, 1863.5, 88,
45, 21.568627450980394, 61.96078431372549, 1647.0, 88,
46, 24.313725490196077, 80.0, 1676.5, 88,
48, 26.274509803921568, 82.3529411764706, 1720.0, 88,
50, 11.372549019607844, 28.235294117647058, 1739.5, 88,
50, 16.07843137254902, 17.647058823529413, 1760.0, 89,
49, 16.07843137254902, 17.254901960784313, 1681.0, 89,
48, 16.470588235294116, 20.784313725490197, 1661.5, 89,
47, 16.07843137254902, 19.607843137254903, 1625.5, 89,
46, 16.07843137254902, 19.215686274509803, 1577.0, 88,
44, 18.03921568627451, 33.72549019607843, 1550.5, 88,
44, 20.0, 55.294117647058826, 1574.0, 88,
45, 21.176470588235293, 57.64705882352941, 1591.0, 88,
45, 21.176470588235293, 58.8235294117647, 1599.0, 88,
46, 21.96078431372549, 62.745098039215684, 1627.5, 88,
47, 22.352941176470587, 65.09803921568627, 1650.0, 88,
47, 22.352941176470587, 65.09803921568627, 1671.5, 88,
48, 11.764705882352942, 19.607843137254903, 1671.0, 88,
47, 20.0, 49.80392156862745, 1667.5, 88,
48, 21.176470588235293, 57.64705882352941, 1681.5, 88,
48, 21.96078431372549, 61.1764705882353, 1694.5, 88,
49, 22.745098039215687, 65.09803921568627, 1734.0, 88,
49, 23.137254901960784, 69.01960784313725, 1748.0, 88,
50, 16.07843137254902, 17.254901960784313, 1719.5, 88,
48, 16.470588235294116, 21.176470588235293, 1672.0, 88,
48, 21.568627450980394, 58.431372549019606, 1696.5, 88,
49, 23.137254901960784, 69.01960784313725, 1734.0, 88,
50, 23.92156862745098, 70.58823529411765, 1763.5, 88,
51, 23.92156862745098, 37.64705882352941, 1776.5, 87,
51, 16.07843137254902, 19.607843137254903, 1776.5, 87,
49, 17.647058823529413, 42.745098039215684, 1746.0, 87,
49, 20.392156862745097, 50.588235294117645, 1730.5, 87,
49, 20.0, 20.784313725490197, 1710.0, 87,
48, 16.470588235294116, 22.745098039215687, 1683.5, 87,
47, 16.07843137254902, 19.607843137254903, 1633.5, 87,
46, 16.07843137254902, 19.215686274509803, 1584.0, 87,
45, 14.901960784313726, 21.568627450980394, 938.5, 87,
39, 14.509803921568627, 23.92156862745098, 801.0, 87,
32, 14.509803921568627, 27.058823529411764, 721.0, 87,
27, 14.509803921568627, 27.84313725490196, 663.5, 87,
22, 14.117647058823529, 28.627450980392158, 643.0, 87,
17, 14.117647058823529, 29.80392156862745, 654.5, 87,
17, 22.745098039215687, 70.58823529411765, 1389.5, 87,
20, 24.313725490196077, 79.6078431372549, 1645.0, 87,
24, 27.45098039215686, 82.3529411764706, 1973.5, 87,
29, 29.019607843137255, 83.52941176470588, 2335.0, 87,
34, 29.41176470588235, 77.25490196078431, 2614.5, 87,
38, 25.098039215686274, 25.098039215686274, 2372.0, 87,
39, 22.352941176470587, 59.6078431372549, 1873.0, 87,
41, 24.705882352941178, 70.98039215686275, 2014.5, 87,
43, 21.96078431372549, 52.549019607843135, 2036.0, 87,
43, 17.647058823529413, 20.0, 2079.0, 87,
44, 18.03921568627451, 22.352941176470587, 2085.0, 88,
44, 20.392156862745097, 39.21568627450981, 2119.0, 88,
45, 20.392156862745097, 38.03921568627451, 2167.0, 88,
46, 20.784313725490197, 42.745098039215684, 2223.0, 89,
47, 18.823529411764707, 19.215686274509803, 2230.0, 90,
48, 18.03921568627451, 16.862745098039216, 2226.5, 90,
48, 16.470588235294116, 16.862745098039216, 2270.5, 90,
47, 18.03921568627451, 22.352941176470587, 2159.5, 90,
47, 18.03921568627451, 21.96078431372549, 2222.5, 90,
46, 18.431372549019606, 24.705882352941178, 2204.0, 89,
47, 19.215686274509803, 28.235294117647058, 2250.5, 89,
47, 18.03921568627451, 21.176470588235293, 2341.5, 88,
47, 19.215686274509803, 26.666666666666668, 2290.0, 88,
47, 18.03921568627451, 21.96078431372549, 2269.5, 88,
47, 18.823529411764707, 19.607843137254903, 2242.5, 87,
47, 18.03921568627451, 20.0, 2242.5, 87,
47, 20.0, 32.549019607843135, 2262.5, 87,
48, 20.0, 36.86274509803921, 2305.0, 87,
49, 16.470588235294116, 23.92156862745098, 2343.0, 87,
45, 17.647058823529413, 23.92156862745098, 2049.0, 87,
43, 22.352941176470587, 37.254901960784316, 2099.0, 87,
44, 23.529411764705884, 62.35294117647059, 2171.5, 87,
46, 23.92156862745098, 61.568627450980394, 2224.0, 87,
48, 23.92156862745098, 59.6078431372549, 2294.0, 87,
49, 23.92156862745098, 23.529411764705884, 2359.0, 87,
48, 18.03921568627451, 21.568627450980394, 2251.5, 87,
47, 21.568627450980394, 45.09803921568628, 2241.5, 88,
47, 23.92156862745098, 61.96078431372549, 2266.5, 88,
48, 29.41176470588235, 84.31372549019608, 2392.5, 89,
52, 30.58823529411765, 82.3529411764706, 2543.0, 89,
54, 18.03921568627451, 23.529411764705884, 2441.5, 90,
53, 18.03921568627451, 20.784313725490197, 2460.0, 90,
51, 18.03921568627451, 20.392156862745097, 2420.5, 90,
50, 18.03921568627451, 20.784313725490197, 2340.5, 90,
49, 18.03921568627451, 20.784313725490197, 2283.0, 90,
47, 19.215686274509803, 42.35294117647059, 2298.5, 90,
47, 23.529411764705884, 56.86274509803921, 2294.0, 90,
48, 23.529411764705884, 58.8235294117647, 2342.5, 90,
50, 24.313725490196077, 60.0, 2389.0, 89,
50, 17.254901960784313, 22.352941176470587, 2365.0, 89,
48, 18.03921568627451, 40.3921568627451, 2248.0, 88,
48, 22.745098039215687, 51.76470588235294, 2320.0, 88,
49, 23.529411764705884, 58.8235294117647, 2371.0, 87,
50, 18.03921568627451, 22.745098039215687, 2278.0, 87,
48, 18.03921568627451, 21.176470588235293, 2274.0, 87,
47, 17.647058823529413, 21.176470588235293, 2180.0, 87,
45, 17.647058823529413, 23.137254901960784, 1640.0, 87,
42, 14.901960784313726, 21.176470588235293, 936.0, 87,
35, 14.509803921568627, 23.92156862745098, 778.0, 87,
25, 14.509803921568627, 27.058823529411764, 709.0, 87,
21, 14.117647058823529, 29.80392156862745, 730.5, 87,
19, 23.137254901960784, 70.98039215686275, 1571.0, 87,
21, 22.745098039215687, 68.62745098039215, 1680.0, 87,
24, 23.92156862745098, 70.19607843137256, 1863.0, 87,
26, 25.098039215686274, 72.94117647058823, 2068.5, 87,
29, 25.49019607843137, 70.98039215686275, 2268.5, 88,
32, 26.274509803921568, 69.80392156862744, 2423.5, 88,
34, 18.03921568627451, 25.88235294117647, 1865.0, 88,
34, 19.607843137254903, 56.07843137254902, 1613.5, 89,
34, 23.137254901960784, 70.58823529411765, 1667.5, 90,
35, 23.92156862745098, 72.94117647058823, 1731.5, 90,
36, 24.313725490196077, 74.11764705882354, 1759.5, 90,
37, 21.568627450980394, 42.745098039215684, 1794.5, 90,
37, 22.745098039215687, 68.23529411764706, 1801.5, 90,
38, 23.92156862745098, 70.58823529411765, 1841.5, 90,
39, 24.313725490196077, 71.76470588235294, 1883.0, 90,
40, 24.705882352941178, 72.15686274509804, 1907.5, 90,
40, 25.098039215686274, 72.54901960784314, 1949.0, 90,
42, 19.215686274509803, 26.666666666666668, 1534.5, 90,
36, 14.509803921568627, 21.568627450980394, 956.0, 90,
31, 14.509803921568627, 23.529411764705884, 777.0, 90,
28, 14.509803921568627, 45.88235294117647, 1501.0, 90,
27, 20.392156862745097, 65.88235294117646, 1332.0, 90,
28, 21.568627450980394, 73.72549019607843, 1342.0, 90,
28, 23.137254901960784, 78.82352941176471, 1379.5, 90,
29, 23.92156862745098, 80.7843137254902, 1423.0, 90,
30, 24.705882352941178, 83.13725490196079, 1476.0, 90,
31, 24.705882352941178, 81.17647058823529, 1520.5, 90,
32, 22.352941176470587, 26.274509803921568, 1195.5, 90,
30, 14.509803921568627, 22.352941176470587, 913.5, 90,
25, 14.509803921568627, 23.92156862745098, 740.5, 90,
19, 14.117647058823529, 26.274509803921568, 662.5, 90,
12, 14.117647058823529, 27.058823529411764, 644.5, 90,
7, 14.117647058823529, 29.019607843137255, 683.0, 90,
6, 18.431372549019606, 46.27450980392157, 1118.5, 90,
8, 20.0, 64.31372549019608, 1323.0, 90,
11, 23.137254901960784, 69.01960784313725, 1813.0, 90,
15, 28.235294117647058, 80.0, 2404.0, 90,
20, 30.19607843137255, 48.627450980392155, 2746.5, 90,
23, 16.862745098039216, 45.88235294117647, 1627.0, 89,
24, 25.49019607843137, 76.86274509803921, 1912.5, 89,
27, 29.019607843137255, 85.49019607843137, 2151.0, 88,
31, 29.80392156862745, 83.52941176470588, 2425.0, 88,
33, 17.254901960784313, 24.313725490196077, 1538.5, 88,
33, 23.529411764705884, 77.6470588235294, 1597.5, 88,
34, 25.49019607843137, 80.3921568627451, 1675.5, 88,
36, 26.666666666666668, 83.92156862745098, 1757.5, 88,
38, 29.019607843137255, 87.05882352941177, 1839.5, 88,
39, 29.80392156862745, 87.05882352941177, 1951.5, 88,
41, 29.80392156862745, 87.45098039215686, 2041.0, 88,
43, 16.862745098039216, 45.490196078431374, 2055.0, 89,
43, 22.352941176470587, 33.72549019607843, 2080.0, 89,
43, 17.254901960784313, 20.392156862745097, 1993.5, 89,
41, 17.254901960784313, 21.176470588235293, 1914.5, 90,
40, 16.862745098039216, 21.568627450980394, 1475.5, 90,
36, 14.509803921568627, 21.568627450980394, 883.5, 90,
29, 14.509803921568627, 25.49019607843137, 764.0, 90,
21, 14.509803921568627, 27.058823529411764, 683.5, 90,
15, 14.117647058823529, 27.84313725490196, 644.5, 90,
14, 14.117647058823529, 28.235294117647058, 644.5, 90,
12, 14.117647058823529, 28.627450980392158, 648.5, 90,
10, 14.117647058823529, 28.235294117647058, 645.5, 90,
6, 14.117647058823529, 28.235294117647058, 648.5, 90,
2, 14.117647058823529, 29.019607843137255, 635.5, 90,
0, 14.117647058823529, 28.627450980392158, 643.5, 90,
0, 14.117647058823529, 28.235294117647058, 657.0, 90,
0, 14.117647058823529, 29.80392156862745, 650.5, 90,
0, 14.509803921568627, 29.80392156862745, 658.0, 90,
0, 14.509803921568627, 30.19607843137255, 650.5, 90,
0, 14.509803921568627, 30.980392156862745, 644.5, 90,
0, 14.509803921568627, 30.980392156862745, 641.5, 90,
0, 14.509803921568627, 31.372549019607842, 655.5, 90,
0, 14.901960784313726, 31.764705882352942, 659.5, 90,
0, 14.901960784313726, 32.15686274509804, 638.0, 90,
0, 14.509803921568627, 32.15686274509804, 637.5, 90,
0, 14.901960784313726, 32.549019607843135, 652.5, 90,
0, 14.901960784313726, 32.549019607843135, 666.5, 91,
0, 14.901960784313726, 33.333333333333336, 643.5, 90,
0, 14.901960784313726, 32.94117647058823, 642.0, 91,
0, 14.901960784313726, 32.549019607843135, 663.5, 91,
0, 14.901960784313726, 32.549019607843135, 659.5, 91,
0, 14.901960784313726, 32.549019607843135, 647.5, 90,
0, 14.901960784313726, 32.15686274509804, 643.0, 90,
0, 14.901960784313726, 32.549019607843135, 637.5, 90,
0, 14.901960784313726, 45.490196078431374, 767.0, 90,
0, 18.431372549019606, 42.35294117647059, 1323.5, 90,
3, 10.980392156862745, 34.90196078431372, 733.5, 90,
4, 18.431372549019606, 62.745098039215684, 849.0, 90,
7, 12.549019607843137, 32.549019607843135, 1106.5, 90,
7, 15.686274509803921, 27.84313725490196, 951.5, 90,
6, 15.294117647058824, 31.372549019607842, 870.0, 90,
7, 17.254901960784313, 46.666666666666664, 1154.5, 89,
9, 20.392156862745097, 58.03921568627451, 1613.5, 89,
13, 21.96078431372549, 56.86274509803921, 2089.5, 89,
15, 14.117647058823529, 21.96078431372549, 1109.5, 89,
14, 20.392156862745097, 69.41176470588235, 1219.5, 89,
17, 22.745098039215687, 71.76470588235294, 1378.5, 89,
21, 25.49019607843137, 81.96078431372548, 1705.0, 89,
25, 27.058823529411764, 29.41176470588235, 1439.5, 89,
26, 23.137254901960784, 84.70588235294117, 1331.0, 90,
29, 27.058823529411764, 90.58823529411765, 1465.5, 90,
32, 29.019607843137255, 90.58823529411765, 1577.5, 90,
35, 29.41176470588235, 90.19607843137256, 1724.5, 90,
38, 19.607843137254903, 50.19607843137255, 1866.5, 90,
39, 25.49019607843137, 76.86274509803921, 1943.5, 90,
41, 15.686274509803921, 21.96078431372549, 2000.5, 90,
42, 23.529411764705884, 34.509803921568626, 2050.5, 90,
43, 18.03921568627451, 23.92156862745098, 1606.0, 91,
43, 14.901960784313726, 34.509803921568626, 1593.5, 91,
43, 21.176470588235293, 60.3921568627451, 1546.0, 92,
45, 23.137254901960784, 74.50980392156863, 1607.0, 92,
47, 25.49019607843137, 80.7843137254902, 1690.0, 92,
48, 16.470588235294116, 20.0, 1692.5, 92,
49, 20.392156862745097, 22.352941176470587, 1678.5, 92,
48, 19.215686274509803, 38.431372549019606, 1679.5, 92,
48, 16.470588235294116, 20.784313725490197, 1690.0, 91,
47, 16.07843137254902, 20.392156862745097, 1670.0, 90,
47, 16.07843137254902, 29.019607843137255, 1724.5, 90,
47, 20.0, 49.01960784313726, 1665.5, 90,
48, 21.176470588235293, 59.6078431372549, 1700.5, 90,
49, 22.352941176470587, 34.509803921568626, 1714.5, 89,
49, 16.07843137254902, 18.823529411764707, 1630.0, 89,
48, 19.215686274509803, 38.8235294117647, 1699.5, 88,
49, 19.607843137254903, 42.745098039215684, 1712.5, 88,
49, 19.607843137254903, 41.1764705882353, 1722.5, 89,
49, 15.294117647058824, 30.980392156862745, 1742.0, 89,
50, 21.568627450980394, 61.1764705882353, 1766.0, 89,
51, 22.745098039215687, 65.09803921568627, 1779.5, 89,
51, 16.07843137254902, 17.254901960784313, 1773.5, 89,
50, 16.470588235294116, 20.784313725490197, 1727.5, 90,
48, 16.470588235294116, 20.784313725490197, 1675.0, 90,
47, 18.823529411764707, 43.92156862745098, 1679.0, 90,
48, 20.784313725490197, 52.549019607843135, 1691.0, 90,
48, 21.176470588235293, 54.11764705882353, 1702.0, 90,
48, 15.686274509803921, 23.529411764705884, 1668.0, 90,
48, 12.941176470588236, 18.431372549019606, 1711.0, 90,
47, 20.0, 40.0, 1659.0, 90,
48, 18.823529411764707, 51.372549019607845, 1687.5, 90,
48, 15.686274509803921, 18.823529411764707, 1594.0, 90,
41, 15.686274509803921, 21.568627450980394, 1296.5, 90,
31, 14.509803921568627, 20.0, 815.5, 90,
22, 14.509803921568627, 48.23529411764706, 778.5, 90,
22, 63.13725490196079, 79.6078431372549, 796.5, 90,
23, 87.84313725490196, 79.6078431372549, 822.5, 90,
23, 87.84313725490196, 79.6078431372549, 844.0, 90,
24, 87.84313725490196, 80.3921568627451, 886.0, 90,
25, 87.84313725490196, 83.92156862745098, 923.0, 90,
26, 87.84313725490196, 86.27450980392157, 956.5, 90,
28, 87.84313725490196, 87.84313725490196, 1009.5, 90,
29, 87.84313725490196, 90.98039215686275, 1055.0, 90,
30, 87.84313725490196, 93.33333333333333, 1101.5, 90,
32, 87.84313725490196, 94.50980392156863, 1156.5, 90,
33, 87.84313725490196, 94.90196078431373, 1193.5, 90,
35, 87.84313725490196, 95.68627450980392, 1258.5, 90,
36, 27.058823529411764, 96.47058823529412, 1309.5, 90,
38, 82.74509803921569, 98.03921568627452, 1379.5, 90,
40, 18.431372549019606, 47.450980392156865, 1406.5, 90,
40, 19.215686274509803, 50.588235294117645, 1407.5, 90,
40, 20.0, 38.03921568627451, 1402.5, 90,
40, 14.509803921568627, 22.352941176470587, 877.5, 90,
37, 14.509803921568627, 23.92156862745098, 764.0, 90,
32, 14.117647058823529, 25.49019607843137, 680.5, 90,
26, 14.117647058823529, 26.666666666666668, 646.0, 90,
22, 14.117647058823529, 27.058823529411764, 647.0, 90,
18, 14.117647058823529, 27.058823529411764, 645.0, 90,
14, 14.117647058823529, 27.84313725490196, 645.0, 90,
13, 14.117647058823529, 27.84313725490196, 642.0, 90,
12, 14.117647058823529, 32.549019607843135, 969.0, 90,
11, 16.862745098039216, 34.11764705882353, 907.5, 90,
11, 14.509803921568627, 27.058823529411764, 732.0, 90,
8, 18.823529411764707, 53.333333333333336, 651.0, 90,
8, 9.803921568627452, 51.76470588235294, 673.5, 90,
9, 18.823529411764707, 69.41176470588235, 747.5, 90,
11, 45.490196078431374, 65.09803921568627, 800.0, 90,
12, 18.03921568627451, 48.627450980392155, 866.0, 90,
12, 16.862745098039216, 42.745098039215684, 940.5, 90,
12, 19.607843137254903, 68.62745098039215, 902.0, 90,
14, 38.03921568627451, 87.84313725490196, 1228.0, 90,
18, 25.098039215686274, 84.70588235294117, 1449.5, 90,
21, 25.88235294117647, 83.92156862745098, 1661.0, 90,
23, 23.92156862745098, 69.01960784313725, 1818.5, 90,
26, 27.058823529411764, 80.3921568627451, 1765.0, 89,
27, 17.647058823529413, 57.64705882352941, 1250.0, 89,
27, 21.176470588235293, 67.45098039215686, 1329.5, 89,
28, 21.96078431372549, 72.15686274509804, 1385.0, 89,
29, 23.137254901960784, 60.78431372549019, 2545.0, 89,
29, 26.274509803921568, 70.58823529411765, 2668.0, 90,
30, 19.215686274509803, 60.78431372549019, 1461.0, 90,
31, 23.529411764705884, 76.86274509803921, 1507.5, 90,
33, 25.88235294117647, 83.92156862745098, 1620.0, 90,
35, 26.666666666666668, 34.11764705882353, 1389.0, 90,
35, 14.509803921568627, 20.392156862745097, 1003.0, 90,
33, 22.352941176470587, 49.01960784313726, 2503.5, 90,
34, 17.647058823529413, 23.137254901960784, 1681.5, 90,
33, 22.352941176470587, 63.13725490196079, 1627.0, 90,
34, 22.352941176470587, 65.49019607843137, 1677.0, 90,
36, 23.92156862745098, 60.3921568627451, 1717.5, 90,
37, 21.96078431372549, 60.78431372549019, 1779.5, 90,
38, 22.352941176470587, 62.745098039215684, 1828.5, 91,
39, 23.137254901960784, 64.31372549019608, 1844.5, 91,
39, 16.07843137254902, 20.0, 1876.0, 91,
39, 20.0, 41.1764705882353, 1852.5, 91,
39, 17.647058823529413, 19.215686274509803, 1820.0, 91,
38, 16.862745098039216, 21.96078431372549, 1587.5, 91,
37, 14.901960784313726, 20.784313725490197, 989.0, 90,
33, 14.509803921568627, 23.137254901960784, 780.5, 90,
31, 14.509803921568627, 24.705882352941178, 920.0, 90,
30, 14.509803921568627, 15.686274509803921, 1441.5, 90,
29, 15.294117647058824, 18.431372549019606, 1350.5, 90,
27, 15.686274509803921, 21.568627450980394, 1368.0, 90,
27, 18.823529411764707, 45.09803921568628, 1299.5, 90,
27, 18.431372549019606, 43.92156862745098, 1321.5, 90,
28, 19.607843137254903, 54.11764705882353, 1363.0, 90,
28, 20.392156862745097, 72.54901960784314, 1382.0, 90,
30, 23.137254901960784, 78.43137254901961, 1482.5, 90,
32, 25.49019607843137, 83.13725490196079, 1605.5, 90,
34, 26.274509803921568, 82.3529411764706, 1691.0, 90,
36, 26.666666666666668, 82.3529411764706, 1803.5, 90,
38, 22.352941176470587, 57.64705882352941, 1841.0, 90,
39, 22.745098039215687, 64.31372549019608, 1906.0, 90,
40, 15.294117647058824, 18.03921568627451, 1943.5, 90,
40, 17.254901960784313, 24.313725490196077, 1866.5, 90,
38, 16.862745098039216, 29.019607843137255, 1818.0, 90,
39, 20.0, 42.745098039215684, 1857.0, 90,
39, 20.0, 46.27450980392157, 1890.0, 90,
40, 21.96078431372549, 56.470588235294116, 1937.5, 90,
41, 20.0, 32.15686274509804, 1966.0, 90,
41, 17.254901960784313, 20.784313725490197, 1922.0, 90,
40, 16.862745098039216, 23.529411764705884, 1857.0, 90,
39, 16.862745098039216, 23.92156862745098, 1816.5, 90,
37, 16.470588235294116, 21.176470588235293, 1247.0, 90,
36, 14.509803921568627, 21.176470588235293, 892.0, 90,
35, 14.117647058823529, 22.745098039215687, 770.0, 90,
33, 14.117647058823529, 25.49019607843137, 687.0, 90,
30, 14.117647058823529, 27.45098039215686, 648.5, 90,
24, 14.117647058823529, 27.45098039215686, 641.5, 90,
20, 14.117647058823529, 27.45098039215686, 653.0, 90,
19, 14.117647058823529, 28.235294117647058, 646.5, 90,
18, 14.117647058823529, 28.235294117647058, 651.5, 90,
16, 14.117647058823529, 28.627450980392158, 645.0, 90,
16, 25.49019607843137, 79.2156862745098, 778.5, 90,
17, 85.49019607843137, 82.74509803921569, 869.5, 90,
19, 87.84313725490196, 85.49019607843137, 974.5, 90,
21, 87.84313725490196, 91.37254901960785, 1087.5, 90,
23, 87.84313725490196, 95.29411764705883, 1190.5, 90,
25, 85.88235294117646, 96.86274509803921, 1266.0, 90,
27, 9.803921568627452, 23.137254901960784, 1275.0, 90,
27, 18.823529411764707, 50.98039215686274, 1309.5, 90,
28, 19.215686274509803, 53.333333333333336, 1345.5, 90,
28, 20.784313725490197, 66.66666666666667, 1389.0, 90,
30, 21.96078431372549, 70.19607843137256, 1458.0, 90,
31, 13.333333333333334, 25.098039215686274, 1048.0, 90,
30, 14.509803921568627, 21.96078431372549, 888.5, 90,
21, 14.117647058823529, 24.313725490196077, 736.0, 90,
17, 14.117647058823529, 26.274509803921568, 664.5, 90,
15, 13.72549019607843, 26.274509803921568, 642.5, 90,
11, 13.72549019607843, 28.235294117647058, 645.5, 90,
5, 14.117647058823529, 29.019607843137255, 649.5, 90,
1, 14.117647058823529, 29.41176470588235, 646.5, 90,
0, 14.509803921568627, 34.11764705882353, 579.0, 90,
0, 18.431372549019606, 60.3921568627451, 943.5, 90,
2, 16.862745098039216, 44.705882352941174, 489.0, 90,
4, 15.294117647058824, 42.35294117647059, 631.5, 90,
5, 15.294117647058824, 36.470588235294116, 703.0, 90,
3, 14.901960784313726, 34.90196078431372, 688.5, 90,
0, 14.509803921568627, 44.31372549019608, 800.5, 90,
0, 20.392156862745097, 47.84313725490196, 1715.5, 90,
3, 21.176470588235293, 58.431372549019606, 1599.0, 90,
7, 21.176470588235293, 68.23529411764706, 1372.0, 90,
12, 22.745098039215687, 64.70588235294117, 2047.5, 90,
15, 14.901960784313726, 23.137254901960784, 1191.0, 90,
16, 21.568627450980394, 75.68627450980392, 1286.5, 90,
19, 23.137254901960784, 75.29411764705883, 1527.5, 89,
23, 24.705882352941178, 76.47058823529412, 1804.0, 89,
26, 26.274509803921568, 77.25490196078431, 2075.5, 89,
28, 15.686274509803921, 23.137254901960784, 1370.0, 89,
28, 19.607843137254903, 53.333333333333336, 1396.0, 89,
30, 20.784313725490197, 60.78431372549019, 1475.5, 90,
32, 20.392156862745097, 32.15686274509804, 1292.0, 90,
32, 14.901960784313726, 21.176470588235293, 999.5, 90,
31, 14.509803921568627, 22.352941176470587, 798.0, 90,
26, 14.117647058823529, 25.098039215686274, 679.5, 90,
19, 14.117647058823529, 26.666666666666668, 652.5, 90,
13, 14.117647058823529, 28.627450980392158, 641.5, 90,
11, 14.117647058823529, 28.627450980392158, 649.0, 90,
11, 19.607843137254903, 63.529411764705884, 922.5, 90,
13, 22.745098039215687, 74.50980392156863, 1052.5, 90,
16, 22.352941176470587, 75.29411764705883, 1336.0, 91,
19, 22.745098039215687, 72.94117647058823, 1509.5, 91,
22, 23.137254901960784, 69.41176470588235, 1765.0, 91,
25, 14.117647058823529, 26.666666666666668, 1156.5, 91,
25, 22.352941176470587, 74.90196078431373, 1235.5, 91,
26, 25.49019607843137, 89.41176470588235, 1333.5, 91,
29, 29.019607843137255, 93.33333333333333, 1451.0, 91,
31, 35.294117647058826, 97.6470588235294, 1545.0, 90,
33, 37.64705882352941, 96.07843137254902, 1660.0, 90,
36, 34.90196078431372, 94.90196078431373, 1780.0, 90,
38, 34.509803921568626, 74.90196078431373, 1756.5, 90,
38, 14.901960784313726, 20.0, 1408.5, 90,
37, 20.392156862745097, 67.05882352941177, 1315.5, 90,
37, 21.568627450980394, 55.294117647058826, 1314.5, 90,
37, 14.901960784313726, 20.392156862745097, 1266.0, 90,
35, 16.470588235294116, 35.68627450980392, 1174.5, 90,
35, 23.92156862745098, 79.2156862745098, 1242.5, 90,
36, 30.980392156862745, 93.72549019607843, 1303.0, 90,
38, 28.235294117647058, 91.76470588235294, 1379.0, 90,
40, 27.84313725490196, 91.76470588235294, 1451.5, 90,
42, 28.235294117647058, 65.09803921568627, 1475.5, 90,
42, 14.509803921568627, 20.0, 979.0, 90,
39, 14.117647058823529, 21.568627450980394, 787.5, 90,
35, 14.117647058823529, 25.098039215686274, 662.0, 90,
31, 13.72549019607843, 25.88235294117647, 645.0, 90,
28, 13.72549019607843, 26.274509803921568, 638.0, 90,
28, 13.72549019607843, 26.666666666666668, 650.5, 90,
26, 14.117647058823529, 27.058823529411764, 649.0, 90,
20, 14.117647058823529, 27.058823529411764, 647.0, 90,
14, 14.117647058823529, 27.45098039215686, 638.0, 90,
9, 14.117647058823529, 28.627450980392158, 653.0, 90,
3, 14.117647058823529, 28.235294117647058, 659.5, 90,
1, 14.509803921568627, 29.019607843137255, 665.5, 90,
0, 14.117647058823529, 28.235294117647058, 662.5, 90,
0, 14.117647058823529, 28.627450980392158, 643.0, 90,
0, 14.509803921568627, 29.41176470588235, 636.5, 90,
0, 14.509803921568627, 29.80392156862745, 643.5, 90,
0, 14.509803921568627, 29.80392156862745, 661.0, 90,
0, 14.509803921568627, 29.41176470588235, 658.5, 90,
0, 14.509803921568627, 29.80392156862745, 636.0, 90,
0, 14.509803921568627, 30.19607843137255, 637.5, 90,
0, 14.509803921568627, 30.980392156862745, 644.5, 90,
0, 14.509803921568627, 30.58823529411765, 654.5, 90,
0, 14.509803921568627, 31.764705882352942, 608.0, 90,
0, 15.294117647058824, 34.509803921568626, 656.5, 90,
1, 14.901960784313726, 32.549019607843135, 690.5, 90,
1, 17.647058823529413, 45.09803921568628, 1327.5, 90,
3, 18.431372549019606, 44.31372549019608, 1046.5, 90,
7, 18.431372549019606, 49.01960784313726, 1227.5, 90,
10, 14.509803921568627, 23.137254901960784, 1039.0, 89,
10, 18.03921568627451, 31.372549019607842, 1585.5, 89,
12, 21.568627450980394, 53.72549019607843, 1629.5, 88,
14, 14.509803921568627, 20.0, 1043.5, 88,
14, 18.823529411764707, 46.27450980392157, 1140.5, 88,
15, 18.431372549019606, 50.588235294117645, 1230.0, 88,
17, 20.784313725490197, 62.35294117647059, 1382.5, 89,
19, 14.509803921568627, 20.392156862745097, 1036.5, 89,
18, 14.509803921568627, 21.176470588235293, 870.0, 89,
17, 14.117647058823529, 25.098039215686274, 717.0, 90,
15, 14.117647058823529, 26.274509803921568, 716.5, 90,
15, 17.647058823529413, 40.0, 1138.0, 90,
16, 18.823529411764707, 48.627450980392155, 1266.5, 90,
18, 20.784313725490197, 61.568627450980394, 1460.5, 90,
21, 23.137254901960784, 72.54901960784314, 1638.0, 90,
24, 24.705882352941178, 75.29411764705883, 1890.0, 90,
27, 23.529411764705884, 26.666666666666668, 1483.0, 90,
27, 22.352941176470587, 75.29411764705883, 1349.0, 90,
29, 23.529411764705884, 30.19607843137255, 1401.5, 91,
29, 14.901960784313726, 21.176470588235293, 1420.0, 91,
29, 19.215686274509803, 51.76470588235294, 1397.0, 92,
29, 21.96078431372549, 69.01960784313725, 1465.5, 92,
32, 22.745098039215687, 76.07843137254902, 1551.5, 92,
33, 25.49019607843137, 80.7843137254902, 1652.5, 92,
35, 22.352941176470587, 63.92156862745098, 1695.0, 92,
36, 23.137254901960784, 69.80392156862744, 1771.5, 92,
38, 24.313725490196077, 72.15686274509804, 1853.5, 92,
39, 26.274509803921568, 71.37254901960785, 1882.5, 91,
40, 15.686274509803921, 23.137254901960784, 1939.5, 91,
40, 23.529411764705884, 65.88235294117646, 1943.0, 90,
41, 15.294117647058824, 17.647058823529413, 1955.0, 90,
40, 21.96078431372549, 52.94117647058823, 1942.0, 90,
41, 23.529411764705884, 65.09803921568627, 1998.0, 90,
42, 16.470588235294116, 21.568627450980394, 1967.0, 90,
42, 22.745098039215687, 58.8235294117647, 2031.5, 90,
43, 23.92156862745098, 64.31372549019608, 2086.5, 90,
44, 24.313725490196077, 66.27450980392157, 2168.0, 90,
46, 24.705882352941178, 65.49019607843137, 2238.5, 90,
48, 24.705882352941178, 43.92156862745098, 2264.0, 90,
48, 18.03921568627451, 21.176470588235293, 2234.5, 90,
47, 21.568627450980394, 47.05882352941177, 2253.0, 90,
48, 23.137254901960784, 57.64705882352941, 2292.5, 90,
49, 23.92156862745098, 58.03921568627451, 2358.5, 90,
50, 23.92156862745098, 31.372549019607842, 2377.0, 90,
50, 18.431372549019606, 24.313725490196077, 2332.0, 90,
48, 18.03921568627451, 23.529411764705884, 2274.5, 90,
47, 17.254901960784313, 21.176470588235293, 2212.5, 90,
46, 21.176470588235293, 43.13725490196079, 2229.5, 90,
47, 18.03921568627451, 15.294117647058824, 2138.0, 90,
45, 17.647058823529413, 24.705882352941178, 2118.0, 90,
44, 17.647058823529413, 21.568627450980394, 2046.0, 90,
42, 17.254901960784313, 20.0, 1948.5, 90,
40, 16.862745098039216, 21.176470588235293, 1867.5, 90,
36, 16.470588235294116, 20.392156862745097, 1591.0, 90,
30, 15.294117647058824, 19.607843137254903, 1436.0, 90,
29, 20.0, 55.68627450980392, 1447.0, 90,
30, 20.392156862745097, 57.64705882352941, 1475.5, 90,
31, 13.333333333333334, 18.431372549019606, 1495.5, 90,
31, 20.0, 52.94117647058823, 1480.0, 90,
31, 20.784313725490197, 57.64705882352941, 1546.5, 90,
32, 21.176470588235293, 58.03921568627451, 1587.0, 90,
33, 14.901960784313726, 18.03921568627451, 1562.0, 90,
33, 19.215686274509803, 44.31372549019608, 1574.5, 90,
33, 19.607843137254903, 44.31372549019608, 1599.5, 90,
33, 20.0, 51.372549019607845, 1622.0, 90,
34, 20.392156862745097, 52.94117647058823, 1636.5, 90,
34, 20.784313725490197, 53.72549019607843, 1658.0, 90,
35, 21.176470588235293, 54.90196078431372, 1687.5, 90,
36, 21.176470588235293, 57.254901960784316, 1740.5, 90,
37, 21.568627450980394, 56.470588235294116, 1779.5, 90,
38, 21.96078431372549, 57.64705882352941, 1851.5, 90,
39, 22.352941176470587, 60.3921568627451, 1891.5, 90,
40, 22.745098039215687, 60.78431372549019, 1946.5, 90,
41, 22.745098039215687, 61.1764705882353, 1995.0, 90,
42, 23.92156862745098, 65.88235294117646, 2032.5, 90,
43, 18.823529411764707, 18.03921568627451, 2007.5, 90,
42, 17.254901960784313, 21.96078431372549, 1972.0, 90,
40, 17.254901960784313, 21.96078431372549, 1844.0, 90,
37, 16.470588235294116, 20.0, 1731.0, 90,
35, 16.07843137254902, 19.215686274509803, 1663.0, 90,
33, 16.07843137254902, 17.254901960784313, 1604.0, 90,
33, 21.176470588235293, 57.254901960784316, 1588.0, 90,
33, 21.176470588235293, 58.03921568627451, 1620.5, 90,
34, 21.568627450980394, 59.21568627450981, 1661.0, 90,
35, 21.568627450980394, 58.8235294117647, 1705.5, 90,
36, 22.352941176470587, 62.745098039215684, 1744.5, 90,
37, 23.529411764705884, 68.62745098039215, 1802.5, 90,
38, 23.92156862745098, 68.23529411764706, 1868.0, 90,
40, 23.92156862745098, 68.62745098039215, 1944.5, 90,
41, 23.92156862745098, 68.23529411764706, 2011.0, 90,
42, 18.03921568627451, 23.529411764705884, 2003.5, 90,
41, 16.470588235294116, 20.392156862745097, 1918.0, 90,
39, 16.862745098039216, 20.784313725490197, 1801.0, 90,
39, 21.568627450980394, 56.86274509803921, 1880.5, 90,
39, 23.137254901960784, 64.31372549019608, 1901.0, 90,
40, 23.529411764705884, 65.88235294117646, 1938.0, 90,
41, 23.92156862745098, 66.27450980392157, 1986.5, 90,
42, 16.07843137254902, 16.862745098039216, 1940.5, 90,
41, 20.0, 49.01960784313726, 1954.0, 90,
41, 22.352941176470587, 60.3921568627451, 1983.5, 90,
42, 22.745098039215687, 61.568627450980394, 2013.5, 90,
43, 23.137254901960784, 61.1764705882353, 2057.5, 90,
43, 16.470588235294116, 18.431372549019606, 2043.5, 90,
42, 21.96078431372549, 52.15686274509804, 2014.0, 90,
43, 22.352941176470587, 55.294117647058826, 2036.0, 90,
43, 22.352941176470587, 53.72549019607843, 2051.0, 90,
43, 22.352941176470587, 55.294117647058826, 2065.0, 90,
44, 22.745098039215687, 47.84313725490196, 2077.5, 90,
43, 16.470588235294116, 20.784313725490197, 2012.5, 90,
42, 17.254901960784313, 21.176470588235293, 1938.0, 90,
40, 16.862745098039216, 23.92156862745098, 1849.5, 90,
38, 16.470588235294116, 18.03921568627451, 1747.5, 90,
37, 18.823529411764707, 36.07843137254902, 1746.5, 90,
36, 21.176470588235293, 57.254901960784316, 1734.5, 90,
37, 22.352941176470587, 61.96078431372549, 1786.0, 90,
38, 22.745098039215687, 25.49019607843137, 1738.5, 90,
36, 14.509803921568627, 20.392156862745097, 929.0, 90,
30, 14.509803921568627, 22.352941176470587, 793.0, 90,
25, 14.509803921568627, 25.098039215686274, 697.5, 90,
20, 14.117647058823529, 26.666666666666668, 648.5, 90,
17, 21.96078431372549, 70.19607843137256, 1617.5, 90,
18, 25.098039215686274, 81.96078431372548, 963.0, 90,
20, 84.70588235294117, 88.23529411764706, 1040.0, 90,
23, 65.49019607843137, 93.33333333333333, 1127.5, 90,
24, 29.019607843137255, 37.64705882352941, 1191.0, 90,
25, 9.803921568627452, 24.313725490196077, 1211.0, 90,
25, 14.509803921568627, 18.03921568627451, 1037.0, 90,
22, 14.117647058823529, 20.784313725490197, 775.0, 90,
20, 14.117647058823529, 27.058823529411764, 977.5, 90,
21, 22.745098039215687, 77.6470588235294, 1046.5, 90,
23, 24.705882352941178, 84.31372549019608, 1162.5, 90,
25, 25.49019607843137, 87.05882352941177, 1273.5, 90,
27, 25.49019607843137, 87.05882352941177, 1374.0, 90,
30, 25.098039215686274, 83.92156862745098, 1485.5, 90,
32, 25.098039215686274, 81.56862745098039, 1633.0, 90,
35, 28.235294117647058, 87.84313725490196, 1748.5, 90,
37, 29.41176470588235, 87.45098039215686, 1876.5, 90,
40, 29.80392156862745, 86.66666666666667, 2005.0, 90,
43, 23.529411764705884, 34.509803921568626, 1948.0, 90,
43, 15.294117647058824, 41.1764705882353, 1467.5, 90,
43, 23.529411764705884, 76.47058823529412, 1546.5, 90,
44, 24.313725490196077, 78.82352941176471, 1587.5, 90,
46, 17.647058823529413, 21.568627450980394, 1643.5, 90,
47, 22.352941176470587, 43.529411764705884, 1634.5, 90,
47, 20.0, 52.15686274509804, 1688.0, 90,
48, 21.96078431372549, 59.21568627450981, 1720.0, 90,
50, 13.72549019607843, 20.0, 1682.0, 90,
50, 16.470588235294116, 20.392156862745097, 1725.5, 90,
49, 16.470588235294116, 20.0, 1700.5, 90,
48, 16.07843137254902, 19.607843137254903, 1679.5, 90,
47, 16.07843137254902, 19.607843137254903, 1657.0, 90,
47, 16.07843137254902, 19.607843137254903, 1629.0, 90,
46, 16.07843137254902, 19.215686274509803, 1604.0, 90,
45, 16.07843137254902, 19.215686274509803, 1582.5, 90,
45, 16.07843137254902, 19.215686274509803, 1550.0, 90,
44, 15.686274509803921, 19.215686274509803, 1394.5, 89,
38, 14.509803921568627, 20.392156862745097, 942.0, 89,
28, 14.509803921568627, 22.352941176470587, 768.0, 88,
16, 14.117647058823529, 25.098039215686274, 661.0, 88,
8, 13.72549019607843, 26.666666666666668, 638.5, 88,
4, 13.72549019607843, 26.666666666666668, 648.5, 88,
2, 14.117647058823529, 26.274509803921568, 646.0, 88,
0, 13.72549019607843, 26.666666666666668, 639.0, 88,
0, 13.72549019607843, 26.666666666666668, 642.5, 88,
0, 13.72549019607843, 26.666666666666668, 639.0, 89,
0, 13.72549019607843, 27.058823529411764, 636.5, 89,
0, 13.72549019607843, 26.666666666666668, 667.0, 89,
0, 13.72549019607843, 25.88235294117647, 656.0, 89,
0, 13.72549019607843, 25.88235294117647, 641.5, 90,
0, 13.72549019607843, 26.274509803921568, 629.0, 90,
0, 14.117647058823529, 27.058823529411764, 638.5, 90,
0, 14.117647058823529, 26.274509803921568, 665.5, 90,
0, 13.72549019607843, 25.49019607843137, 654.0, 90,
0, 13.72549019607843, 25.88235294117647, 637.0, 90,
0, 13.72549019607843, 26.666666666666668, 627.0, 90,
0, 13.72549019607843, 27.058823529411764, 640.5, 90,
0, 14.901960784313726, 28.627450980392158, 676.0, 90,
0, 14.509803921568627, 27.84313725490196, 665.0, 90,
0, 14.117647058823529, 28.235294117647058, 660.5, 90,
0, 14.117647058823529, 28.627450980392158, 651.0, 90,
0, 14.509803921568627, 29.019607843137255, 651.5, 90,
0, 14.509803921568627, 29.41176470588235, 645.5, 90,
0, 14.509803921568627, 30.19607843137255, 665.5, 90,
0, 14.509803921568627, 29.80392156862745, 663.5, 90,
0, 14.117647058823529, 27.84313725490196, 641.0, 90,
0, 14.117647058823529, 28.235294117647058, 639.0, 90,
0, 14.509803921568627, 29.80392156862745, 637.5, 90,
0, 14.509803921568627, 30.19607843137255, 647.0, 90,
0, 14.509803921568627, 30.58823529411765, 670.0, 90,
0, 14.509803921568627, 29.80392156862745, 652.5, 90,
0, 14.509803921568627, 30.19607843137255, 652.0, 90,
0, 14.509803921568627, 32.549019607843135, 626.0, 90,
0, 16.470588235294116, 47.450980392156865, 753.0, 90,
1, 14.901960784313726, 31.372549019607842, 664.0, 90,
3, 16.862745098039216, 54.11764705882353, 721.5, 90,
6, 18.823529411764707, 59.6078431372549, 1263.5, 90,
11, 20.784313725490197, 52.549019607843135, 1838.0, 90,
14, 14.509803921568627, 21.568627450980394, 1066.5, 90,
13, 18.431372549019606, 57.254901960784316, 1141.0, 90,
16, 20.0, 61.1764705882353, 1289.0, 90,
18, 20.392156862745097, 59.21568627450981, 1458.5, 90,
20, 14.901960784313726, 19.607843137254903, 1487.5, 90,
19, 14.901960784313726, 18.03921568627451, 1285.5, 90,
16, 14.901960784313726, 18.431372549019606, 1168.5, 90,
16, 14.509803921568627, 18.03921568627451, 1198.5, 90,
17, 11.764705882352942, 25.88235294117647, 1210.0, 90,
17, 14.509803921568627, 21.568627450980394, 806.0, 90,
15, 14.509803921568627, 23.137254901960784, 1030.0, 90,
13, 14.117647058823529, 19.215686274509803, 955.5, 90,
12, 16.470588235294116, 35.68627450980392, 881.5, 90,
13, 18.823529411764707, 56.86274509803921, 1024.5, 90,
15, 23.529411764705884, 80.7843137254902, 1204.5, 91,
17, 23.92156862745098, 81.56862745098039, 1407.5, 91,
20, 23.92156862745098, 75.68627450980392, 1584.0, 91,
23, 25.49019607843137, 79.6078431372549, 1773.0, 91,
26, 27.058823529411764, 81.56862745098039, 2019.0, 91,
28, 16.862745098039216, 30.19607843137255, 1797.5, 91,
28, 25.49019607843137, 91.76470588235294, 1390.5, 91,
29, 67.45098039215686, 98.82352941176471, 1467.5, 91,
31, 60.3921568627451, 98.82352941176471, 1546.5, 91,
33, 49.411764705882355, 98.43137254901961, 1638.0, 91,
35, 45.88235294117647, 71.37254901960785, 1669.5, 92,
35, 15.294117647058824, 17.254901960784313, 1603.5, 92,
33, 14.901960784313726, 13.333333333333334, 1547.0, 92,
31, 19.215686274509803, 45.09803921568628, 1506.0, 92,
31, 21.96078431372549, 63.13725490196079, 1502.5, 92,
32, 15.686274509803921, 18.03921568627451, 1441.5, 92,
29, 15.294117647058824, 20.0, 1319.0, 91,
26, 14.901960784313726, 19.607843137254903, 1189.0, 91,
25, 20.392156862745097, 63.13725490196079, 1199.0, 91,
26, 20.392156862745097, 68.23529411764706, 1256.0, 91,
27, 22.745098039215687, 78.03921568627452, 1330.5, 91,
29, 18.823529411764707, 34.11764705882353, 1391.0, 91,
28, 14.901960784313726, 19.215686274509803, 1271.5, 91,
24, 14.509803921568627, 18.03921568627451, 1047.5, 91,
20, 14.117647058823529, 21.176470588235293, 957.0, 91,
18, 14.901960784313726, 24.705882352941178, 800.0, 91,
15, 14.901960784313726, 27.45098039215686, 705.0, 91,
14, 14.509803921568627, 29.019607843137255, 685.5, 90,
14, 14.509803921568627, 31.764705882352942, 656.5, 90,
13, 16.07843137254902, 45.88235294117647, 646.5, 91,
13, 14.509803921568627, 30.58823529411765, 679.0, 91,
9, 14.117647058823529, 29.019607843137255, 653.0, 91,
6, 14.509803921568627, 30.19607843137255, 632.0, 91,
3, 14.509803921568627, 31.372549019607842, 651.0, 91,
2, 18.431372549019606, 53.333333333333336, 1007.5, 91,
3, 14.509803921568627, 27.84313725490196, 770.5, 91,
1, 19.215686274509803, 63.92156862745098, 1101.5, 91,
4, 20.392156862745097, 47.84313725490196, 1307.5, 91,
9, 19.607843137254903, 54.11764705882353, 1426.0, 91,
12, 21.96078431372549, 56.470588235294116, 1997.5, 91,
15, 16.470588235294116, 43.13725490196079, 2204.5, 91,
17, 17.647058823529413, 23.92156862745098, 1838.5, 91,
17, 21.568627450980394, 54.509803921568626, 1345.0, 91,
19, 20.0, 54.90196078431372, 1507.5, 91,
21, 20.784313725490197, 54.509803921568626, 1691.5, 92,
24, 21.96078431372549, 59.6078431372549, 1846.5, 92,
26, 22.745098039215687, 58.8235294117647, 2041.5, 92,
29, 23.137254901960784, 44.705882352941174, 2152.0, 92,
30, 15.686274509803921, 20.784313725490197, 1140.5, 92,
30, 14.509803921568627, 19.215686274509803, 1473.0, 92,
31, 18.431372549019606, 29.41176470588235, 1476.0, 92,
32, 21.96078431372549, 61.568627450980394, 1613.0, 92,
34, 15.686274509803921, 16.862745098039216, 1609.0, 92,
33, 16.07843137254902, 19.215686274509803, 1553.0, 92,
32, 16.07843137254902, 19.607843137254903, 1518.0, 92,
31, 15.686274509803921, 19.215686274509803, 1518.5, 92,
32, 18.431372549019606, 45.88235294117647, 1560.5, 92,
34, 20.0, 49.01960784313726, 1644.0, 91,
36, 15.686274509803921, 18.03921568627451, 1613.5, 91,
32, 15.686274509803921, 20.784313725490197, 1297.0, 91,
26, 19.607843137254903, 53.333333333333336, 1283.0, 90,
28, 27.84313725490196, 91.76470588235294, 1434.5, 90,
31, 31.372549019607842, 93.72549019607843, 1595.0, 90,
36, 33.333333333333336, 86.27450980392157, 1735.0, 90,
38, 16.470588235294116, 34.90196078431372, 1864.0, 90,
38, 15.686274509803921, 16.470588235294116, 1837.5, 90,
38, 16.862745098039216, 21.176470588235293, 1831.5, 90,
38, 16.470588235294116, 20.784313725490197, 1811.0, 90,
36, 16.470588235294116, 20.0, 1568.5, 90,
30, 15.294117647058824, 20.0, 1428.0, 90,
30, 15.294117647058824, 17.254901960784313, 1457.0, 90,
30, 15.294117647058824, 18.823529411764707, 1402.5, 90,
27, 14.901960784313726, 20.0, 1292.5, 90,
27, 14.901960784313726, 23.137254901960784, 1404.0, 90,
28, 20.0, 51.76470588235294, 1405.5, 90,
30, 20.784313725490197, 25.88235294117647, 1475.0, 90,
30, 15.294117647058824, 18.03921568627451, 1403.5, 90,
28, 15.294117647058824, 19.607843137254903, 1342.5, 90,
28, 18.431372549019606, 39.21568627450981, 1405.0, 90,
30, 19.215686274509803, 34.90196078431372, 1472.5, 90,
31, 15.294117647058824, 17.647058823529413, 1469.0, 90,
30, 15.294117647058824, 20.0, 1363.0, 90,
26, 14.901960784313726, 19.215686274509803, 1169.5, 90,
23, 14.509803921568627, 18.823529411764707, 1064.0, 90,
21, 14.117647058823529, 18.823529411764707, 984.5, 90,
18, 14.117647058823529, 21.176470588235293, 874.5, 89,
18, 23.92156862745098, 84.31372549019608, 964.5, 89,
21, 86.27450980392157, 91.37254901960785, 1084.5, 89,
24, 87.84313725490196, 95.68627450980392, 1238.5, 89,
27, 22.745098039215687, 42.745098039215684, 1243.0, 89,
27, 14.117647058823529, 20.392156862745097, 831.5, 90,
27, 14.117647058823529, 22.352941176470587, 712.0, 90,
26, 13.72549019607843, 23.92156862745098, 647.0, 90,
25, 18.03921568627451, 47.450980392156865, 1198.5, 90,
26, 21.568627450980394, 73.33333333333333, 1295.5, 90,
28, 22.352941176470587, 75.68627450980392, 1387.5, 90,
30, 22.745098039215687, 75.68627450980392, 1471.5, 90,
31, 23.137254901960784, 74.50980392156863, 1545.0, 90,
33, 15.294117647058824, 18.03921568627451, 1616.5, 90,
33, 19.215686274509803, 41.96078431372549, 1573.5, 90,
34, 22.352941176470587, 66.27450980392157, 1657.5, 90,
35, 14.509803921568627, 20.392156862745097, 1054.5, 90,
34, 19.607843137254903, 57.254901960784316, 1225.0, 90,
35, 20.392156862745097, 63.529411764705884, 1255.5, 90,
36, 20.784313725490197, 65.88235294117646, 1309.5, 90,
37, 14.509803921568627, 20.784313725490197, 1298.5, 90,
37, 14.901960784313726, 19.215686274509803, 1295.0, 90,
36, 14.901960784313726, 18.823529411764707, 1269.0, 90,
35, 14.509803921568627, 18.431372549019606, 1234.5, 90,
34, 14.509803921568627, 18.03921568627451, 1194.0, 90,
33, 14.509803921568627, 18.03921568627451, 1152.0, 90,
32, 14.509803921568627, 18.03921568627451, 1119.0, 90,
31, 14.509803921568627, 17.647058823529413, 1087.0, 89,
31, 18.03921568627451, 45.490196078431374, 1097.5, 89,
32, 19.215686274509803, 58.431372549019606, 1133.0, 89,
33, 11.764705882352942, 23.529411764705884, 1165.0, 89,
32, 14.509803921568627, 18.431372549019606, 1127.0, 89,
32, 14.509803921568627, 18.431372549019606, 1112.5, 88,
31, 14.509803921568627, 18.03921568627451, 1085.5, 88,
31, 25.098039215686274, 71.76470588235294, 1104.0, 88,
32, 23.137254901960784, 78.82352941176471, 1152.5, 88,
33, 23.529411764705884, 80.7843137254902, 1208.5, 88,
35, 23.529411764705884, 82.3529411764706, 1245.0, 88,
36, 24.705882352941178, 85.09803921568627, 1288.0, 88,
37, 25.098039215686274, 85.49019607843137, 1333.5, 89,
38, 25.098039215686274, 85.49019607843137, 1378.0, 89,
40, 25.098039215686274, 83.92156862745098, 1431.5, 89,
41, 13.72549019607843, 20.0, 1491.0, 89,
41, 15.294117647058824, 18.03921568627451, 1441.5, 90,
41, 15.294117647058824, 18.823529411764707, 1422.0, 90,
40, 15.294117647058824, 19.215686274509803, 1386.0, 90,
39, 15.294117647058824, 19.215686274509803, 1377.5, 90,
37, 14.901960784313726, 19.607843137254903, 1075.5, 90,
32, 14.509803921568627, 21.568627450980394, 805.5, 90,
27, 14.117647058823529, 23.92156862745098, 699.5, 90,
20, 13.72549019607843, 25.88235294117647, 637.5, 90,
18, 13.72549019607843, 26.274509803921568, 638.5, 90,
16, 13.72549019607843, 27.84313725490196, 653.5, 90,
14, 14.117647058823529, 40.0, 1154.5, 90,
16, 20.0, 61.1764705882353, 1329.5, 90,
20, 20.392156862745097, 56.86274509803921, 1597.0, 90,
23, 15.294117647058824, 20.0, 1737.0, 90,
24, 16.470588235294116, 21.568627450980394, 1109.5, 90,
26, 14.901960784313726, 18.03921568627451, 1240.5, 89,
27, 14.901960784313726, 17.254901960784313, 1285.5, 89,
27, 14.901960784313726, 17.254901960784313, 1341.0, 89,
27, 15.294117647058824, 17.647058823529413, 1340.0, 89,
28, 19.215686274509803, 33.333333333333336, 1409.5, 89,
30, 15.294117647058824, 19.607843137254903, 1452.0, 89,
30, 15.686274509803921, 16.862745098039216, 1464.5, 88,
31, 18.431372549019606, 36.86274509803921, 1551.0, 88,
34, 20.0, 25.49019607843137, 1642.0, 88,
34, 16.07843137254902, 19.607843137254903, 1645.5, 88,
34, 16.470588235294116, 20.784313725490197, 1647.0, 88,
34, 16.07843137254902, 20.392156862745097, 1640.5, 87,
34, 16.07843137254902, 20.0, 1631.5, 87,
33, 16.07843137254902, 20.392156862745097, 1449.0, 87,
29, 15.294117647058824, 20.392156862745097, 1354.5, 87,
29, 20.784313725490197, 48.627450980392155, 1368.0, 87,
30, 14.901960784313726, 19.215686274509803, 1335.5, 87,
26, 14.901960784313726, 20.0, 1260.5, 87,
27, 18.823529411764707, 46.27450980392157, 1309.0, 87,
28, 11.764705882352942, 22.745098039215687, 1327.0, 87,
28, 14.901960784313726, 19.215686274509803, 1343.0, 87,
28, 18.03921568627451, 40.3921568627451, 1371.0, 87,
29, 18.823529411764707, 43.529411764705884, 1416.5, 87,
30, 18.823529411764707, 44.31372549019608, 1472.0, 87,
30, 15.294117647058824, 18.823529411764707, 1342.0, 87,
27, 14.901960784313726, 18.823529411764707, 1169.0, 87,
23, 14.509803921568627, 18.823529411764707, 1102.0, 87,
22, 13.72549019607843, 18.823529411764707, 984.0, 87,
17, 13.72549019607843, 23.137254901960784, 793.5, 87,
14, 20.784313725490197, 76.07843137254902, 741.0, 87,
18, 83.52941176470588, 82.3529411764706, 890.5, 87,
20, 87.84313725490196, 89.80392156862744, 1057.0, 87,
23, 87.84313725490196, 94.90196078431373, 1174.0, 87,
26, 87.84313725490196, 96.47058823529412, 1311.5, 87,
28, 87.84313725490196, 98.03921568627452, 1457.5, 87,
31, 87.84313725490196, 99.2156862745098, 1560.0, 87,
34, 11.372549019607844, 23.529411764705884, 1673.0, 88,
35, 21.176470588235293, 58.03921568627451, 1717.0, 88,
37, 22.352941176470587, 61.96078431372549, 1804.0, 88,
38, 16.07843137254902, 18.03921568627451, 1789.5, 89,
37, 16.470588235294116, 20.784313725490197, 1753.5, 89,
36, 16.07843137254902, 17.254901960784313, 1738.0, 90,
36, 15.294117647058824, 20.784313725490197, 1724.5, 90,
32, 15.686274509803921, 21.176470588235293, 1469.5, 90,
30, 20.0, 51.372549019607845, 1455.5, 90,
31, 15.294117647058824, 18.823529411764707, 1470.5, 90,
30, 15.294117647058824, 19.215686274509803, 1399.5, 90,
29, 19.607843137254903, 52.15686274509804, 1428.0, 90,
30, 20.392156862745097, 26.666666666666668, 1460.0, 90,
30, 15.294117647058824, 18.431372549019606, 1394.5, 90,
28, 14.901960784313726, 19.215686274509803, 1328.5, 90,
27, 14.901960784313726, 47.450980392156865, 1295.5, 89,
27, 19.607843137254903, 43.92156862745098, 1318.5, 89,
27, 14.901960784313726, 18.823529411764707, 1223.0, 89,
24, 14.509803921568627, 18.431372549019606, 1154.5, 88,
23, 14.117647058823529, 17.647058823529413, 1064.5, 88,
21, 20.392156862745097, 58.8235294117647, 1052.5, 88,
22, 20.784313725490197, 68.62745098039215, 1080.0, 88,
23, 9.803921568627452, 22.745098039215687, 1024.0, 88,
17, 14.117647058823529, 23.137254901960784, 715.0, 88,
13, 13.72549019607843, 25.88235294117647, 642.0, 88,
9, 13.72549019607843, 25.49019607843137, 663.0, 88,
5, 14.117647058823529, 27.058823529411764, 657.5, 88,
5, 14.117647058823529, 29.41176470588235, 808.5, 88,
5, 19.607843137254903, 54.509803921568626, 993.5, 88,
9, 20.0, 60.78431372549019, 1520.5, 88,
13, 22.352941176470587, 29.41176470588235, 1814.5, 88,
14, 18.823529411764707, 60.0, 1108.0, 88,
16, 21.568627450980394, 72.54901960784314, 1309.5, 88,
19, 22.352941176470587, 74.90196078431373, 1610.0, 88,
23, 26.666666666666668, 82.74509803921569, 1884.0, 87,
28, 29.019607843137255, 84.70588235294117, 2197.5, 87,
31, 28.627450980392158, 41.1764705882353, 2288.0, 87,
32, 17.647058823529413, 22.745098039215687, 1568.5, 87,
31, 18.431372549019606, 38.431372549019606, 1526.5, 87,
31, 19.607843137254903, 45.490196078431374, 1491.0, 87,
31, 19.215686274509803, 46.666666666666664, 1518.0, 87,
30, 15.294117647058824, 19.607843137254903, 1300.0, 87,
24, 14.509803921568627, 20.784313725490197, 1069.5, 88,
22, 14.117647058823529, 18.823529411764707, 1015.5, 88,
21, 19.607843137254903, 63.529411764705884, 1058.5, 88,
22, 20.392156862745097, 74.90196078431373, 1109.0, 88,
24, 11.372549019607844, 26.274509803921568, 1182.5, 88,
24, 14.509803921568627, 18.431372549019606, 1138.5, 88,
22, 14.509803921568627, 17.647058823529413, 1046.5, 88,
21, 20.392156862745097, 70.58823529411765, 1066.0, 88,
23, 24.313725490196077, 93.33333333333333, 1172.5, 88,
25, 85.09803921568627, 95.68627450980392, 1184.5, 88,
26, 87.84313725490196, 96.07843137254902, 1266.0, 88,
28, 87.84313725490196, 97.25490196078431, 1368.5, 89,
29, 87.84313725490196, 98.43137254901961, 1446.5, 89,
31, 87.84313725490196, 98.82352941176471, 1530.5, 90,
33, 87.84313725490196, 99.2156862745098, 1624.5, 90,
35, 87.84313725490196, 98.43137254901961, 1751.5, 90,
36, 15.294117647058824, 23.137254901960784, 1117.5, 90,
35, 21.568627450980394, 64.31372549019608, 1208.5, 90,
35, 22.745098039215687, 78.82352941176471, 1231.5, 90,
35, 23.92156862745098, 82.74509803921569, 1250.0, 90,
36, 49.01960784313726, 97.25490196078431, 1274.0, 90,
36, 14.509803921568627, 18.823529411764707, 1162.5, 90,
32, 19.607843137254903, 69.41176470588235, 1134.0, 90,
32, 40.3921568627451, 95.29411764705883, 1185.0, 90,
34, 87.84313725490196, 95.29411764705883, 1224.0, 90,
35, 87.84313725490196, 96.07843137254902, 1286.5, 90,
37, 87.84313725490196, 96.86274509803921, 1345.0, 91,
38, 87.84313725490196, 97.6470588235294, 1386.0, 91,
39, 87.84313725490196, 98.43137254901961, 1423.5, 91,
42, 20.784313725490197, 25.098039215686274, 1454.5, 91,
41, 15.294117647058824, 16.862745098039216, 1458.0, 91,
40, 20.392156862745097, 58.03921568627451, 1415.5, 91,
41, 11.764705882352942, 23.529411764705884, 1410.0, 91,
40, 19.607843137254903, 23.137254901960784, 1428.0, 90,
40, 14.509803921568627, 18.03921568627451, 1387.5, 90,
39, 15.294117647058824, 26.274509803921568, 1339.0, 90,
39, 20.0, 64.31372549019608, 1391.0, 90,
40, 21.176470588235293, 24.705882352941178, 1416.5, 90,
39, 19.607843137254903, 48.627450980392155, 1372.5, 90,
39, 14.901960784313726, 17.254901960784313, 1353.5, 89,
37, 15.294117647058824, 18.823529411764707, 1307.0, 89,
37, 14.901960784313726, 30.58823529411765, 1332.0, 89,
36, 22.352941176470587, 70.58823529411765, 1302.0, 88,
37, 22.352941176470587, 75.68627450980392, 1341.5, 88,
38, 9.803921568627452, 21.176470588235293, 1385.5, 88,
38, 20.392156862745097, 62.35294117647059, 1347.5, 88,
39, 21.176470588235293, 69.80392156862744, 1367.5, 88,
39, 14.509803921568627, 20.392156862745097, 1358.0, 88,
38, 19.215686274509803, 50.19607843137255, 1356.0, 88,
39, 20.784313725490197, 71.76470588235294, 1381.5, 88,
39, 20.392156862745097, 41.96078431372549, 1374.0, 88,
38, 14.901960784313726, 20.392156862745097, 1302.0, 88,
37, 17.647058823529413, 43.13725490196079, 1288.0, 88,
37, 13.72549019607843, 20.392156862745097, 1259.5, 88,
34, 14.509803921568627, 18.823529411764707, 1182.5, 88,
33, 15.686274509803921, 47.84313725490196, 1153.0, 88,
33, 21.96078431372549, 76.86274509803921, 1176.0, 88,
34, 23.137254901960784, 79.6078431372549, 1229.5, 88,
35, 23.529411764705884, 70.98039215686275, 1248.0, 88,
35, 14.509803921568627, 20.0, 1220.0, 88,
33, 21.176470588235293, 60.0, 1189.5, 88,
33, 14.509803921568627, 24.705882352941178, 1144.5, 88,
33, 18.03921568627451, 59.21568627450981, 1167.5, 88,
33, 12.941176470588236, 40.3921568627451, 1200.5, 89,
34, 27.45098039215686, 92.94117647058823, 1221.5, 89,
35, 83.92156862745098, 96.86274509803921, 1256.5, 89,
36, 27.058823529411764, 82.74509803921569, 1302.5, 89,
37, 30.19607843137255, 97.6470588235294, 1356.5, 89,
39, 86.27450980392157, 98.03921568627452, 1386.0, 89,
40, 87.84313725490196, 98.03921568627452, 1437.5, 90,
42, 87.84313725490196, 98.82352941176471, 1502.5, 90,
43, 87.84313725490196, 99.2156862745098, 1550.0, 90,
44, 12.549019607843137, 36.470588235294116, 1562.0, 90,
44, 21.96078431372549, 49.411764705882355, 1553.5, 90,
44, 18.431372549019606, 37.254901960784316, 1524.5, 90,
44, 15.294117647058824, 17.647058823529413, 1480.5, 90,
41, 15.294117647058824, 19.215686274509803, 1386.0, 90,
37, 14.901960784313726, 19.215686274509803, 1159.5, 90,
31, 14.509803921568627, 21.176470588235293, 823.5, 90,
26, 14.117647058823529, 24.705882352941178, 719.5, 90,
18, 14.117647058823529, 26.666666666666668, 726.0, 90,
14, 18.823529411764707, 70.19607843137256, 1205.0, 90,
17, 25.88235294117647, 90.58823529411765, 1447.5, 90,
21, 31.372549019607842, 93.33333333333333, 1737.0, 90,
26, 41.1764705882353, 96.47058823529412, 2089.5, 90,
30, 23.529411764705884, 25.098039215686274, 1711.0, 90,
30, 23.137254901960784, 79.2156862745098, 1485.5, 90,
33, 53.333333333333336, 98.82352941176471, 1601.5, 90,
35, 87.45098039215686, 98.43137254901961, 1735.0, 90,
36, 15.294117647058824, 36.07843137254902, 1719.5, 90,
36, 20.784313725490197, 60.0, 1746.5, 90,
37, 22.745098039215687, 66.66666666666667, 1798.0, 90,
38, 24.313725490196077, 69.41176470588235, 1892.0, 90,
40, 24.313725490196077, 56.470588235294116, 1947.5, 90,
41, 22.352941176470587, 58.03921568627451, 1970.5, 89,
41, 16.862745098039216, 23.529411764705884, 1175.5, 89,
40, 18.431372549019606, 50.588235294117645, 1453.5, 89,
40, 22.745098039215687, 75.68627450980392, 1443.5, 89,
41, 24.313725490196077, 85.09803921568627, 1481.0, 89,
43, 28.235294117647058, 90.98039215686275, 1543.0, 89,
44, 9.803921568627452, 45.490196078431374, 1551.5, 89,
44, 23.137254901960784, 72.94117647058823, 1576.0, 89,
46, 24.313725490196077, 76.47058823529412, 1613.5, 89,
46, 25.098039215686274, 80.7843137254902, 1663.5, 89,
48, 27.058823529411764, 85.09803921568627, 1706.0, 90,
49, 15.294117647058824, 18.03921568627451, 1673.0, 90,
48, 16.07843137254902, 18.431372549019606, 1653.5, 90,
46, 16.07843137254902, 19.215686274509803, 1566.5, 90,
41, 15.294117647058824, 20.0, 1293.5, 90,
30, 14.117647058823529, 18.823529411764707, 814.5, 90,
21, 14.117647058823529, 25.098039215686274, 614.5, 90,
15, 14.901960784313726, 34.509803921568626, 630.5, 90,
14, 15.686274509803921, 29.019607843137255, 1043.0, 90,
13, 27.45098039215686, 89.01960784313725, 1066.5, 90,
17, 45.88235294117647, 98.03921568627452, 1412.5, 90,
22, 85.09803921568627, 98.43137254901961, 1826.5, 90,
26, 67.05882352941177, 44.31372549019608, 1699.0, 90,
27, 14.509803921568627, 63.13725490196079, 1360.5, 90,
28, 24.313725490196077, 83.52941176470588, 1424.0, 90,
31, 25.88235294117647, 85.88235294117646, 1538.5, 90,
33, 25.88235294117647, 81.96078431372548, 1665.5, 90,
36, 26.666666666666668, 83.92156862745098, 1767.5, 90,
38, 28.235294117647058, 54.509803921568626, 1864.5, 90,
39, 15.686274509803921, 19.607843137254903, 1810.0, 90,
37, 16.470588235294116, 19.607843137254903, 1745.5, 90,
36, 16.470588235294116, 20.0, 1686.0, 90,
35, 18.431372549019606, 49.80392156862745, 1664.5, 90,
35, 21.568627450980394, 56.86274509803921, 1734.0, 90,
36, 22.745098039215687, 64.31372549019608, 1780.5, 89,
38, 23.137254901960784, 63.92156862745098, 1842.0, 89,
40, 22.745098039215687, 40.3921568627451, 1914.0, 89,
40, 16.470588235294116, 19.607843137254903, 1853.5, 89,
39, 16.862745098039216, 21.568627450980394, 1823.5, 89,
37, 16.470588235294116, 20.784313725490197, 1754.5, 89,
36, 16.470588235294116, 20.392156862745097, 1726.5, 89,
35, 21.176470588235293, 54.509803921568626, 1731.0, 88,
37, 22.745098039215687, 63.529411764705884, 1801.5, 88,
39, 23.137254901960784, 65.88235294117646, 1890.0, 88,
40, 23.529411764705884, 66.66666666666667, 1976.0, 88,
43, 24.705882352941178, 28.627450980392158, 1533.0, 88,
42, 14.509803921568627, 25.88235294117647, 1427.0, 88,
42, 21.96078431372549, 69.41176470588235, 1497.5, 88,
43, 23.92156862745098, 67.05882352941177, 1524.0, 88,
43, 15.686274509803921, 17.254901960784313, 1509.5, 88,
42, 15.686274509803921, 19.215686274509803, 1461.0, 88,
41, 15.686274509803921, 19.215686274509803, 1438.0, 88,
40, 15.294117647058824, 19.215686274509803, 1390.5, 88,
39, 15.294117647058824, 19.215686274509803, 1369.5, 88,
38, 15.294117647058824, 19.215686274509803, 1392.5, 88,
38, 19.607843137254903, 58.8235294117647, 1347.0, 88,
39, 23.137254901960784, 78.82352941176471, 1400.0, 88,
40, 23.92156862745098, 81.56862745098039, 1448.0, 88,
42, 29.019607843137255, 92.94117647058823, 1519.5, 88,
44, 45.490196078431374, 90.98039215686275, 1568.5, 88,
46, 27.058823529411764, 85.49019607843137, 1648.5, 88,
47, 27.45098039215686, 86.27450980392157, 1705.0, 88,
49, 29.019607843137255, 88.23529411764706, 1766.0, 88,
51, 29.41176470588235, 49.411764705882355, 1827.0, 89,
52, 18.03921568627451, 23.529411764705884, 1790.5, 89,
51, 19.607843137254903, 39.6078431372549, 1792.5, 89,
51, 20.392156862745097, 47.450980392156865, 1807.0, 89,
52, 20.392156862745097, 21.176470588235293, 1772.5, 89,
51, 16.862745098039216, 20.392156862745097, 1751.5, 89,
49, 16.470588235294116, 20.0, 1691.0, 89,
48, 21.176470588235293, 54.90196078431372, 1676.5, 88,
48, 23.137254901960784, 82.74509803921569, 1730.5, 88,
50, 67.05882352941177, 98.03921568627452, 1804.5, 88,
52, 87.84313725490196, 98.03921568627452, 1858.0, 88,
54, 87.84313725490196, 98.43137254901961, 1930.0, 88,
54, 16.862745098039216, 20.392156862745097, 1395.0, 88,
51, 14.509803921568627, 18.823529411764707, 970.0, 88,
45, 14.117647058823529, 20.392156862745097, 761.5, 88,
36, 13.72549019607843, 24.313725490196077, 658.5, 88,
28, 13.72549019607843, 26.274509803921568, 637.5, 88,
25, 13.72549019607843, 26.274509803921568, 642.0, 88,
24, 13.72549019607843, 25.49019607843137, 1437.0, 88,
23, 21.96078431372549, 61.96078431372549, 1802.0, 88,
25, 24.705882352941178, 77.25490196078431, 2011.5, 88,
29, 29.80392156862745, 85.49019607843137, 2321.0, 88,
35, 21.96078431372549, 24.313725490196077, 2086.0, 88,
35, 15.294117647058824, 20.392156862745097, 1315.5, 88,
35, 20.784313725490197, 56.470588235294116, 1709.5, 88,
37, 21.96078431372549, 60.78431372549019, 1797.0, 88,
38, 23.137254901960784, 63.529411764705884, 1891.0, 88,
41, 21.96078431372549, 53.333333333333336, 2008.0, 88,
42, 16.862745098039216, 23.137254901960784, 1101.0, 87,
43, 15.294117647058824, 16.470588235294116, 1518.5, 87,
43, 19.607843137254903, 43.529411764705884, 1527.0, 87,
44, 12.941176470588236, 18.431372549019606, 1500.0, 87,
44, 16.07843137254902, 20.0, 1542.0, 87,
44, 15.686274509803921, 19.215686274509803, 1531.0, 87,
43, 15.686274509803921, 19.607843137254903, 1523.5, 87,
43, 15.686274509803921, 19.215686274509803, 1491.0, 87,
42, 15.686274509803921, 19.215686274509803, 1476.5, 87,
41, 15.686274509803921, 20.392156862745097, 1347.0, 87,
35, 14.901960784313726, 19.607843137254903, 1164.5, 87,
32, 14.509803921568627, 18.823529411764707, 1059.0, 87,
27, 14.117647058823529, 19.607843137254903, 856.0, 87,
21, 14.117647058823529, 23.529411764705884, 682.5, 87,
18, 13.72549019607843, 25.88235294117647, 610.5, 87,
15, 13.72549019607843, 28.627450980392158, 554.5, 87,
16, 21.176470588235293, 79.2156862745098, 606.0, 87,
17, 83.52941176470588, 80.0, 658.5, 87,
19, 13.333333333333334, 25.49019607843137, 913.5, 87,
20, 22.352941176470587, 63.529411764705884, 1572.0, 87,
23, 23.137254901960784, 55.294117647058826, 1764.0, 87,
25, 18.03921568627451, 19.215686274509803, 1792.5, 87,
25, 15.686274509803921, 19.607843137254903, 1787.5, 88,
22, 15.686274509803921, 19.607843137254903, 1500.0, 88,
19, 15.294117647058824, 19.607843137254903, 1259.5, 88,
13, 14.117647058823529, 21.176470588235293, 764.0, 88,
8, 14.117647058823529, 26.666666666666668, 502.0, 89,
7, 17.254901960784313, 64.31372549019608, 590.5, 89,
9, 70.98039215686275, 79.2156862745098, 846.5, 89,
14, 76.07843137254902, 94.11764705882354, 1265.0, 90,
19, 25.88235294117647, 84.31372549019608, 1578.5, 90,
23, 25.49019607843137, 77.6470588235294, 1900.5, 90,
27, 16.470588235294116, 24.705882352941178, 1187.0, 90,
27, 20.784313725490197, 57.64705882352941, 1344.0, 90,
29, 20.784313725490197, 63.13725490196079, 1419.5, 90,
30, 22.352941176470587, 72.94117647058823, 1506.0, 90,
32, 23.529411764705884, 73.72549019607843, 1602.5, 90,
34, 15.686274509803921, 16.862745098039216, 1627.0, 90,
34, 15.686274509803921, 19.215686274509803, 1585.5, 90,
30, 15.686274509803921, 20.392156862745097, 1339.5, 90,
24, 14.901960784313726, 19.607843137254903, 922.5, 90,
13, 14.117647058823529, 25.098039215686274, 774.5, 90,
8, 14.901960784313726, 27.84313725490196, 752.0, 90,
11, 21.176470588235293, 74.11764705882354, 948.0, 90,
14, 24.313725490196077, 81.17647058823529, 1317.0, 90,
19, 20.0, 28.627450980392158, 1538.0, 89,
22, 21.96078431372549, 57.64705882352941, 1673.5, 90,
24, 22.352941176470587, 63.92156862745098, 1896.5, 89,
25, 14.509803921568627, 21.568627450980394, 1165.0, 89,
25, 20.0, 64.70588235294117, 1205.0, 89,
25, 20.784313725490197, 69.01960784313725, 1240.5, 89,
26, 11.764705882352942, 23.92156862745098, 1239.0, 88,
25, 20.392156862745097, 49.01960784313726, 1222.0, 88,
26, 20.392156862745097, 63.92156862745098, 1289.0, 89,
27, 20.784313725490197, 66.66666666666667, 1348.0, 88,
29, 14.509803921568627, 20.0, 1392.5, 88,
28, 14.901960784313726, 18.431372549019606, 1340.5, 88,
27, 14.901960784313726, 18.431372549019606, 1264.5, 88,
26, 14.509803921568627, 18.03921568627451, 1211.5, 88,
25, 14.509803921568627, 18.03921568627451, 1169.5, 88,
24, 14.509803921568627, 18.03921568627451, 1137.5, 88,
23, 14.509803921568627, 18.03921568627451, 1098.5, 88,
22, 14.117647058823529, 17.647058823529413, 1047.5, 88,
21, 14.117647058823529, 18.03921568627451, 1006.0, 88,
20, 14.117647058823529, 18.03921568627451, 898.0, 88,
20, 14.117647058823529, 19.215686274509803, 849.5, 87,
19, 14.117647058823529, 41.1764705882353, 961.0, 87,
19, 24.705882352941178, 81.17647058823529, 971.0, 87,
21, 49.80392156862745, 88.62745098039215, 1102.0, 87,
24, 29.41176470588235, 29.41176470588235, 1185.5, 87,
25, 14.117647058823529, 16.07843137254902, 1173.5, 87,
24, 14.117647058823529, 16.07843137254902, 1128.5, 87,
23, 14.117647058823529, 16.07843137254902, 1098.5, 87,
23, 14.509803921568627, 16.862745098039216, 1091.0, 87,
22, 14.509803921568627, 17.254901960784313, 1040.0, 88,
21, 14.509803921568627, 17.647058823529413, 1001.5, 87,
21, 14.509803921568627, 18.03921568627451, 985.0, 87,
20, 14.117647058823529, 18.823529411764707, 936.5, 87,
19, 14.509803921568627, 19.215686274509803, 922.5, 87,
19, 14.509803921568627, 19.607843137254903, 902.0, 87,
19, 14.509803921568627, 20.0, 844.0, 88,
16, 14.117647058823529, 23.137254901960784, 766.0, 88,
16, 20.392156862745097, 68.23529411764706, 831.5, 88,
18, 51.372549019607845, 82.74509803921569, 919.5, 88,
20, 87.84313725490196, 89.01960784313725, 1044.0, 88,
23, 77.6470588235294, 94.90196078431373, 1160.0, 88,
25, 37.254901960784316, 72.15686274509804, 1253.0, 88,
26, 14.117647058823529, 18.431372549019606, 1235.0, 88,
25, 14.117647058823529, 29.41176470588235, 1176.0, 88,
25, 19.607843137254903, 27.45098039215686, 1200.5, 88,
25, 14.509803921568627, 17.254901960784313, 1142.0, 88,
23, 14.509803921568627, 17.254901960784313, 1090.0, 88,
22, 14.117647058823529, 17.647058823529413, 1012.0, 88,
21, 14.117647058823529, 18.03921568627451, 986.5, 88,
21, 18.823529411764707, 26.666666666666668, 1035.0, 88,
22, 14.117647058823529, 17.647058823529413, 1097.0, 88,
23, 14.509803921568627, 16.862745098039216, 1121.5, 88,
23, 14.509803921568627, 16.470588235294116, 1148.0, 88,
24, 14.509803921568627, 17.647058823529413, 1185.5, 88,
25, 14.509803921568627, 18.431372549019606, 1195.0, 88,
24, 14.509803921568627, 18.03921568627451, 1194.0, 88,
23, 20.0, 54.509803921568626, 1128.5, 88,
24, 21.176470588235293, 42.745098039215684, 1163.5, 88,
24, 14.509803921568627, 18.03921568627451, 1218.0, 88,
24, 19.607843137254903, 60.78431372549019, 1175.0, 88,
25, 11.372549019607844, 22.745098039215687, 1183.0, 88,
23, 14.509803921568627, 18.823529411764707, 1037.5, 88,
21, 14.117647058823529, 18.823529411764707, 967.5, 88,
20, 14.117647058823529, 33.333333333333336, 939.5, 88,
20, 18.823529411764707, 57.254901960784316, 982.5, 88,
21, 14.509803921568627, 23.137254901960784, 969.0, 88,
20, 21.96078431372549, 71.76470588235294, 976.0, 88,
20, 25.49019607843137, 81.17647058823529, 1025.0, 88,
22, 14.117647058823529, 21.96078431372549, 1040.5, 88,
22, 18.431372549019606, 58.431372549019606, 991.5, 88,
22, 23.137254901960784, 40.0, 1070.0, 88,
22, 14.509803921568627, 38.431372549019606, 1142.5, 88,
22, 20.392156862745097, 68.23529411764706, 1069.5, 88,
22, 22.745098039215687, 67.84313725490196, 1070.0, 88,
22, 17.647058823529413, 55.294117647058826, 1095.5, 88,
23, 19.607843137254903, 32.549019607843135, 1169.0, 88,
24, 14.509803921568627, 18.03921568627451, 1155.0, 88,
24, 16.07843137254902, 27.058823529411764, 1184.5, 89,
23, 18.823529411764707, 50.19607843137255, 1141.5, 89,
24, 18.823529411764707, 52.549019607843135, 1114.5, 89,
24, 14.901960784313726, 21.568627450980394, 1021.5, 89,
18, 14.509803921568627, 21.96078431372549, 710.0, 89,
14, 13.72549019607843, 49.411764705882355, 767.5, 89,
15, 62.35294117647059, 79.6078431372549, 749.0, 89,
17, 87.84313725490196, 79.2156862745098, 884.5, 89,
19, 87.84313725490196, 87.45098039215686, 1016.5, 89,
22, 87.84313725490196, 94.11764705882354, 1162.0, 89,
25, 87.84313725490196, 95.68627450980392, 1279.0, 89,
27, 14.117647058823529, 21.568627450980394, 1215.0, 90,
25, 18.431372549019606, 42.35294117647059, 1192.5, 90,
25, 14.117647058823529, 17.254901960784313, 1181.5, 90,
23, 14.117647058823529, 16.470588235294116, 1100.5, 90,
22, 13.72549019607843, 16.470588235294116, 1041.5, 90,
21, 13.72549019607843, 16.862745098039216, 969.0, 90,
20, 13.72549019607843, 17.254901960784313, 940.5, 90,
19, 13.72549019607843, 17.647058823529413, 931.5, 89,
18, 13.72549019607843, 19.215686274509803, 808.0, 89,
14, 13.72549019607843, 22.352941176470587, 666.0, 89,
12, 13.72549019607843, 24.313725490196077, 639.0, 89,
10, 13.72549019607843, 24.705882352941178, 636.0, 89,
8, 14.117647058823529, 27.45098039215686, 656.5, 89,
6, 14.117647058823529, 27.45098039215686, 650.0, 89,
5, 14.117647058823529, 28.627450980392158, 647.5, 88,
4, 14.117647058823529, 28.235294117647058, 658.0, 89,
5, 14.117647058823529, 28.627450980392158, 643.5, 89,
4, 14.509803921568627, 28.235294117647058, 669.5, 89,
4, 14.117647058823529, 28.235294117647058, 643.0, 89,
4, 14.117647058823529, 29.41176470588235, 633.0, 89,
4, 14.509803921568627, 30.19607843137255, 648.5, 89,
4, 14.509803921568627, 30.58823529411765, 643.5, 89,
2, 14.509803921568627, 31.372549019607842, 650.5, 89,
0, 14.509803921568627, 30.980392156862745, 651.0, 89,
0, 14.509803921568627, 29.80392156862745, 607.5, 89,
0, 15.294117647058824, 35.294117647058826, 610.5, 89,
1, 15.294117647058824, 34.11764705882353, 713.5, 89,
1, 14.901960784313726, 31.764705882352942, 680.0, 89,
1, 14.901960784313726, 31.372549019607842, 648.0, 89,
1, 14.509803921568627, 32.94117647058823, 621.5, 89,
1, 14.901960784313726, 32.15686274509804, 718.0, 89,
1, 14.901960784313726, 30.58823529411765, 652.5, 89,
1, 14.509803921568627, 30.980392156862745, 632.0, 89,
1, 14.901960784313726, 32.15686274509804, 642.5, 89,
