0.0, 30,
0, 18.431372549019606, 0.0, 0.0, 30,
0, 18.431372549019606, 0.0, 0.0, 30,
0, 18.431372549019606, 0.0, 0.0, 30,
0, 18.431372549019606, 0.0, 0.0, 30,
0, 18.431372549019606, 0.0, 0.0, 30,
0, 18.431372549019606, 0.0, 0.0, 30,
0, 18.431372549019606, 0.0, 0.0, 30,
0, 18.431372549019606, 0.0, 0.0, 30,
0, 18.431372549019606, 0.0, 0.0, 30,
0, 18.431372549019606, 0.0, 0.0, 30,
0, 18.431372549019606, 0.0, 0.0, 30,
0, 18.823529411764707, 0.0, 0.0, 30,
0, 18.431372549019606, 0.0, 0.0, 30,
0, 18.431372549019606, 0.0, 0.0, 30,
0, 18.431372549019606, 0.0, 0.0, 30,
0, 18.431372549019606, 0.0, 0.0, 30,
0, 18.431372549019606, 0.0, 0.0, 30,
0, 18.431372549019606, 0.0, 0.0, 30,
0, 18.431372549019606, 0.0, 0.0, 30,
0, 18.431372549019606, 0.0, 0.0, 30,
0, 18.431372549019606, 0.0, 0.0, 