0.0, 0.0, 45,
0, 18.431372549019606, 0.0, 0.0, 45,
0, 18.823529411764707, 0.0, 0.0, 45,
0, 18.431372549019606, 0.0, 0.0, 45,
0, 18.431372549019606, 0.0, 0.0, 45,
0, 18.823529411764707, 0.0, 0.0, 45,
0, 18.823529411764707, 0.0, 0.0, 45,
0, 18.431372549019606, 0.0, 0.0, 45,
0, 18.431372549019606, 0.0, 0.0, 45,
0, 18.431372549019606, 0.0, 0.0, 45,
0, 18.431372549019606, 0.0, 0.0, 45,
0, 18.431372549019606, 0.0, 0.0, 45,
0, 18.431372549019606, 0.0, 0.0, 45,
0, 18.431372549019606, 0.0, 0.0, 45,
0, 18.431372549019606, 0.0, 0.0, 45,
0, 18.823529411764707, 0.0, 0.0, 45,
0, 18.823529411764707, 0.0, 0.0, 45,
0, 18.431372549019606, 0.0, 0.0, 45,
0, 18.823529411764707, 0.0, 0.0, 45,
0, 18.431372549019606, 0.0, 0.0, 45,
0, 18.431372549019606, 0.0, 0.0, 45,
0, 18.431372549019606, 0.0, 0.0, 45,
0, 18.823529411764707, 0.0, 0.0, 45,
0, 18.431372549019606, 0.0, 0.0, 45,
0, 18.431372549019606, 0.0, 0.0, 45,
0, 18.431372549019606, 0.0, 0.0, 45,
0, 18.823529411764707, 0.0, 0.0, 45,
0, 18.431372549019606, 0.0, 0.0, 45,
0, 18.431372549019606, 0.0, 0.0, 45,
0, 18.431372549019606, 0.0, 0.0, 45,
0, 18.431372549019606, 0.0, 0.0, 45,
0, 18.431372549019606, 0.0, 0.0, 45,
0, 18.431372549019606, 0.0, 0.0, 45,
0, 18.431372549019606, 0.0, 0.0, 45,
0, 18.431372549019606, 0.0, 0.0, 45,
0, 18.431372549019606, 0.0, 0.0, 45,
0, 18.431372549019606, 0.0, 0.0, 45,
0, 18.823529411764707, 0.0, 0.0, 45,
0, 18.823529411764707, 0.0, 0.0, 45,
0, 18.431372549019606, 0.0, 0.0, 45,
0, 18.823529411764707, 0.0, 0.0, 45,
0, 18.823529411764707, 0.0, 0.0, 45,
0, 18.823529411764707, 0.0, 0.0, 45,
0, 18.823529411764707, 107.0, 76.47058823529412, 45,
0, 13.72549019607843, 1228.0, 25.098039215686274, 45,
0, 14.509803921568627, 990.0, 22.745098039215687, 45,
0, 14.117647058823529, 959.0, 19.607843137254903, 45,
0, 14.117647058823529, 940.0, 18.03921568627451, 45,
0, 14.117647058823529, 867.5, 18.431372549019606, 45,
0, 14.117647058823529, 863.0, 18.431372549019606, 45,
0, 14.117647058823529, 861.0, 18.03921568627451, 45,
0, 14.117647058823529, 868.0, 18.431372549019606, 45,
0, 14.117647058823529, 849.5, 19.607843137254903, 45,
0, 14.509803921568627, 853.5, 21.176470588235293, 45,
0, 14.901960784313726, 859.5, 22.745098039215687, 45,
0, 15.294117647058824, 870.5, 25.49019607843137, 45,
0, 15.686274509803921, 884.0, 27.058823529411764, 45,
0, 15.686274509803921, 883.5, 29.019607843137255, 45,
0, 15.686274509803921, 877.0, 29.80392156862745, 45,
0, 16.07843137254902, 870.5, 31.372549019607842, 45,
0, 16.07843137254902, 863.5, 32.15686274509804, 44,
0, 16.07843137254902, 853.0, 32.549019607843135, 44,
0, 29.41176470588235, 2488.0, 30.980392156862745, 44,
0, 17.254901960784313, 2009.0, 26.666666666666668, 45,
0, 16.862745098039216, 1821.5, 25.098039215686274, 45,
0, 16.470588235294116, 1328.0, 25.098039215686274, 45,
0, 16.07843137254902, 1162.0, 25.49019607843137, 45,
0, 15.686274509803921, 1093.0, 25.098039215686274, 45,
0, 16.07843137254902, 1014.0, 29.019607843137255, 45,
0, 16.07843137254902, 1196.0, 22.745098039215687, 45,
0, 15.686274509803921, 988.0, 25.49019607843137, 45,
0, 15.686274509803921, 902.0, 29.41176470588235, 45,
0, 16.07843137254902, 887.0, 29.80392156862745, 45,
0, 15.686274509803921, 880.5, 29.41176470588235, 45,
0, 15.686274509803921, 863.5, 29.019607843137255, 46,
0, 15.686274509803921, 855.0, 29.41176470588235, 46,
0, 15.686274509803921, 862.5, 29.019607843137255, 46,
0, 15.686274509803921, 847.0, 29.41176470588235, 46,
0, 15.686274509803921, 850.0, 29.019607843137255, 46,
0, 15.686274509803921, 861.5, 28.627450980392158, 46,
0, 15.686274509803921, 835.5, 29.019607843137255, 47,
0, 15.686274509803921, 843.0, 29.41176470588235, 47,
0, 15.686274509803921, 857.0, 29.019607843137255, 47,
0, 15.686274509803921, 842.0, 29.41176470588235, 47,
0, 15.686274509803921, 840.0, 29.41176470588235, 47,
0, 15.686274509803921, 845.0, 29.41176470588235, 48,
0, 15.686274509803921, 848.0, 29.41176470588235, 48,
0, 15.686274509803921, 850.5, 29.019607843137255, 48,
0, 15.686274509803921, 845.5, 29.41176470588235, 48,
0, 15.686274509803921, 840.0, 29.41176470588235, 48,
0, 15.686274509803921, 840.5, 29.41176470588235, 48,
0, 15.686274509803921, 847.5, 29.019607843137255, 48,
0, 15.686274509803921, 836.5, 29.019607843137255, 48,
0, 15.686274509803921, 830.0, 29.019607843137255, 48,
0, 15.686274509803921, 840.5, 29.41176470588235, 48,
0, 15.686274509803921, 837.5, 29.019607843137255, 48,
0, 15.686274509803921, 838.5, 29.019607843137255, 48,
0, 15.686274509803921, 830.5, 29.41176470588235, 48,
0, 15.686274509803921, 836.5, 29.41176470588235, 48,
0, 15.686274509803921, 845.0, 29.019607843137255, 49,
0, 15.686274509803921, 853.0, 28.627450980392158, 49,
0, 15.294117647058824, 832.5, 28.627450980392158, 49,
0, 15.686274509803921, 830.5, 29.019607843137255, 49,
0, 15.686274509803921, 829.5, 29.019607843137255, 49,
0, 15.686274509803921, 834.5, 29.019607843137255, 49,
0, 15.686274509803921, 839.0, 29.019607843137255, 50,
0, 15.686274509803921, 831.0, 29.019607843137255, 50,
0, 15.686274509803921, 829.0, 29.019607843137255, 50,
0, 15.294117647058824, 832.0, 29.019607843137255, 50,
0, 15.294117647058824, 830.0, 28.627450980392158, 50,
0, 15.294117647058824, 826.5, 28.627450980392158, 50,
0, 15.294117647058824, 823.0, 29.019607843137255, 50,
0, 15.294117647058824, 814.0, 29.41176470588235, 51,
0, 15.686274509803921, 833.0, 29.019607843137255, 51,
0, 15.294117647058824, 832.5, 28.627450980392158, 51,
0, 15.294117647058824, 826.5, 28.627450980392158, 51,
0, 15.294117647058824, 823.5, 28.235294117647058, 51,
0, 15.294117647058824, 816.5, 28.627450980392158, 51,
0, 15.686274509803921, 827.5, 29.019607843137255, 51,
0, 15.294117647058824, 830.0, 29.019607843137255, 51,
0, 15.294117647058824, 836.5, 28.627450980392158, 51,
0, 15.294117647058824, 825.5, 28.627450980392158, 51,
0, 15.294117647058824, 818.5, 28.627450980392158, 51,
0, 15.294117647058824, 821.0, 28.627450980392158, 51,
0, 15.294117647058824, 824.0, 28.627450980392158, 52,
0, 15.294117647058824, 813.5, 28.627450980392158, 52,
0, 15.294117647058824, 817.5, 28.627450980392158, 52,
0, 15.294117647058824, 816.0, 28.627450980392158, 52,
0, 15.294117647058824, 821.0, 28.627450980392158, 52,
0, 15.294117647058824, 826.0, 28.235294117647058, 52,
0, 15.294117647058824, 812.0, 28.627450980392158, 53,
0, 15.294117647058824, 810.0, 28.627450980392158, 53,
0, 15.294117647058824, 824.5, 28.627450980392158, 53,
0, 15.294117647058824, 818.5, 28.627450980392158, 53,
0, 15.294117647058824, 823.5, 28.627450980392158, 53,
0, 15.294117647058824, 809.0, 46.27450980392157, 53,
0, 23.137254901960784, 2485.5, 25.098039215686274, 53,
0, 17.647058823529413, 1591.5, 24.705882352941178, 53,
0, 16.862745098039216, 1877.0, 58.431372549019606, 54,
0, 18.431372549019606, 2412.5, 26.274509803921568, 54,
0, 15.294117647058824, 1404.5, 21.176470588235293, 54,
0, 15.686274509803921, 1205.0, 22.352941176470587, 54,
0, 15.686274509803921, 1035.0, 23.529411764705884, 54,
0, 15.686274509803921, 950.0, 25.88235294117647, 54,
0, 24.313725490196077, 2371.5, 28.235294117647058, 54,
0, 17.254901960784313, 1593.5, 25.49019607843137, 54,
0, 23.137254901960784, 2326.0, 55.294117647058826, 54,
0, 19.607843137254903, 2584.0, 23.529411764705884, 54,
0, 22.745098039215687, 2698.5, 24.313725490196077, 54,
0, 18.03921568627451, 1677.0, 23.137254901960784, 55,
0, 15.686274509803921, 1234.0, 21.96078431372549, 55,
0, 15.686274509803921, 1088.0, 22.745098039215687, 55,
0, 15.686274509803921, 955.0, 25.098039215686274, 55,
0, 15.686274509803921, 877.5, 27.058823529411764, 55,
0, 15.294117647058824, 834.0, 28.235294117647058, 55,
0, 15.294117647058824, 811.0, 29.019607843137255, 55,
0, 15.294117647058824, 815.5, 28.627450980392158, 56,
0, 15.294117647058824, 809.5, 28.627450980392158, 56,
0, 15.294117647058824, 793.0, 28.627450980392158, 56,
0, 15.294117647058824, 787.0, 29.019607843137255, 56,
0, 15.294117647058824, 793.5, 29.019607843137255, 56,
0, 15.294117647058824, 801.5, 28.627450980392158, 56,
0, 15.294117647058824, 793.0, 28.627450980392158, 56,
0, 15.294117647058824, 781.5, 28.235294117647058, 57,
0, 15.294117647058824, 777.5, 28.627450980392158, 57,
0, 15.294117647058824, 791.0, 28.627450980392158, 57,
0, 15.294117647058824, 801.0, 28.627450980392158, 57,
0, 15.294117647058824, 781.0, 28.627450980392158, 57,
0, 15.294117647058824, 779.0, 28.627450980392158, 57,
0, 15.294117647058824, 775.0, 28.627450980392158, 57,
0, 15.294117647058824, 795.0, 28.235294117647058, 57,
0, 15.294117647058824, 791.5, 28.235294117647058, 57,
0, 15.294117647058824, 790.5, 28.235294117647058, 57,
0, 15.294117647058824, 782.0, 28.627450980392158, 57,
0, 16.862745098039216, 900.0, 69.80392156862744, 57,
0, 16.470588235294116, 1327.0, 22.352941176470587, 57,
0, 15.686274509803921, 1143.5, 22.352941176470587, 57,
0, 15.294117647058824, 1018.5, 23.529411764705884, 57,
0, 15.686274509803921, 904.5, 25.88235294117647, 57,
0, 15.294117647058824, 837.0, 27.45098039215686, 57,
0, 15.294117647058824, 790.0, 29.019607843137255, 58,
0, 15.294117647058824, 796.0, 29.019607843137255, 58,
0, 15.294117647058824, 778.0, 29.019607843137255, 58,
0, 15.294117647058824, 784.0, 29.019607843137255, 58,
0, 15.294117647058824, 801.0, 28.235294117647058, 58,
0, 15.294117647058824, 786.0, 28.235294117647058, 58,
0, 15.294117647058824, 772.5, 27.84313725490196, 58,
0, 15.294117647058824, 757.5, 29.019607843137255, 58,
0, 15.294117647058824, 785.0, 28.627450980392158, 59,
0, 15.294117647058824, 794.0, 28.235294117647058, 59,
0, 15.294117647058824, 777.5, 27.84313725490196, 59,
0, 15.294117647058824, 772.0, 27.84313725490196, 59,
0, 15.294117647058824, 773.5, 28.235294117647058, 59,
0, 15.294117647058824, 773.0, 27.84313725490196, 59,
0, 15.294117647058824, 779.0, 27.84313725490196, 59,
0, 15.294117647058824, 767.0, 28.235294117647058, 59,
0, 15.294117647058824, 764.0, 28.235294117647058, 59,
0, 15.294117647058824, 765.5, 28.235294117647058, 60,
0, 15.294117647058824, 768.5, 27.84313725490196, 60,
0, 15.294117647058824, 763.0, 28.235294117647058, 60,
0, 15.294117647058824, 766.0, 27.84313725490196, 60,
0, 15.294117647058824, 757.5, 28.235294117647058, 60,
0, 15.294117647058824, 776.5, 27.84313725490196, 60,
0, 15.294117647058824, 774.0, 27.84313725490196, 60,
0, 15.294117647058824, 766.5, 28.235294117647058, 60,
0, 15.294117647058824, 750.5, 28.627450980392158, 60,
0, 15.294117647058824, 775.0, 28.627450980392158, 60,
0, 15.294117647058824, 769.5, 28.627450980392158, 60,
0, 15.294117647058824, 771.0, 28.627450980392158, 60,
0, 15.294117647058824, 767.0, 28.627450980392158, 60,
0, 15.294117647058824, 769.5, 28.235294117647058, 60,
0, 15.294117647058824, 769.5, 28.235294117647058, 60,
0, 15.294117647058824, 771.0, 27.84313725490196, 60,
0, 15.294117647058824, 761.5, 28.235294117647058, 60,
0, 15.294117647058824, 757.0, 28.235294117647058, 60,
0, 15.294117647058824, 766.5, 28.235294117647058, 61,
0, 15.294117647058824, 775.0, 28.235294117647058, 61,
0, 15.294117647058824, 769.5, 28.235294117647058, 61,
0, 14.901960784313726, 759.5, 28.235294117647058, 61,
0, 15.294117647058824, 754.0, 28.627450980392158, 61,
0, 15.294117647058824, 752.0, 28.627450980392158, 61,
0, 15.294117647058824, 766.0, 28.235294117647058, 61,
0, 15.294117647058824, 756.0, 28.235294117647058, 61,
0, 14.901960784313726, 752.5, 28.235294117647058, 61,
0, 15.294117647058824, 750.5, 28.235294117647058, 61,
0, 14.901960784313726, 760.0, 28.235294117647058, 62,
0, 15.294117647058824, 769.0, 27.84313725490196, 62,
0, 14.901960784313726, 753.5, 28.235294117647058, 62,
0, 14.901960784313726, 748.0, 28.235294117647058, 62,
0, 14.901960784313726, 746.5, 28.627450980392158, 62,
0, 15.294117647058824, 755.5, 28.235294117647058, 62,
0, 15.294117647058824, 765.0, 28.235294117647058, 62,
0, 14.901960784313726, 749.5, 28.235294117647058, 62,
0, 14.901960784313726, 751.5, 28.627450980392158, 62,
0, 15.294117647058824, 757.0, 28.627450980392158, 63,
0, 15.294117647058824, 772.0, 28.235294117647058, 63,
0, 15.294117647058824, 765.0, 28.235294117647058, 63,
0, 14.901960784313726, 758.5, 28.235294117647058, 63,
0, 14.901960784313726, 743.5, 28.235294117647058, 63,
0, 14.901960784313726, 751.5, 27.84313725490196, 63,
0, 14.901960784313726, 746.0, 27.84313725490196, 63,
0, 14.901960784313726, 755.0, 27.84313725490196, 63,
0, 14.901960784313726, 741.0, 27.84313725490196, 63,
0, 14.901960784313726, 741.0, 27.84313725490196, 63,
0, 14.901960784313726, 748.5, 27.84313725490196, 63,
0, 14.901960784313726, 756.5, 27.84313725490196, 63,
0, 14.901960784313726, 746.0, 27.84313725490196, 63,
0, 14.901960784313726, 738.0, 27.84313725490196, 63,
0, 14.901960784313726, 747.0, 27.84313725490196, 63,
0, 14.901960784313726, 748.0, 27.84313725490196, 63,
0, 14.901960784313726, 749.0, 27.84313725490196, 63,
0, 14.901960784313726, 751.5, 27.84313725490196, 63,
0, 14.901960784313726, 744.0, 28.235294117647058, 63,
0, 14.901960784313726, 745.5, 27.84313725490196, 63,
0, 14.901960784313726, 745.0, 27.84313725490196, 63,
0, 14.901960784313726, 748.0, 27.84313725490196, 63,
0, 14.901960784313726, 754.0, 27.84313725490196, 64,
0, 14.901960784313726, 740.0, 27.84313725490196, 64,
0, 14.901960784313726, 747.5, 27.84313725490196, 64,
0, 14.901960784313726, 738.5, 27.84313725490196, 64,
0, 14.901960784313726, 754.0, 27.84313725490196, 64,
0, 14.901960784313726, 739.0, 27.84313725490196, 64,
0, 14.901960784313726, 734.0, 27.45098039215686, 64,
0, 14.901960784313726, 737.0, 27.84313725490196, 64,
0, 14.901960784313726, 740.5, 27.84313725490196, 64,
0, 14.901960784313726, 743.0, 27.45098039215686, 65,
0, 14.901960784313726, 730.0, 27.84313725490196, 65,
0, 14.901960784313726, 729.5, 27.84313725490196, 65,
0, 14.901960784313726, 744.0, 27.45098039215686, 65,
0, 14.901960784313726, 741.0, 27.45098039215686, 65,
0, 14.901960784313726, 734.0, 27.45098039215686, 65,
0, 14.901960784313726, 732.5, 27.84313725490196, 65,
0, 14.901960784313726, 739.5, 27.45098039215686, 65,
0, 14.901960784313726, 738.5, 27.45098039215686, 65,
0, 14.901960784313726, 747.0, 27.45098039215686, 65,
0, 14.901960784313726, 730.5, 27.84313725490196, 65,
0, 14.901960784313726, 741.0, 27.45098039215686, 65,
0, 14.901960784313726, 739.0, 27.45098039215686, 65,
0, 14.901960784313726, 736.5, 27.45098039215686, 66,
0, 14.901960784313726, 744.0, 27.45098039215686, 66,
0, 14.901960784313726, 727.5, 27.84313725490196, 66,
0, 14.901960784313726, 736.0, 27.45098039215686, 66,
0, 14.901960784313726, 735.5, 27.84313725490196, 66,
0, 14.901960784313726, 738.5, 27.45098039215686, 66,
0, 14.901960784313726, 736.0, 27.45098039215686, 66,
0, 14.901960784313726, 728.0, 27.45098039215686, 66,
0, 14.901960784313726, 727.0, 27.84313725490196, 66,
0, 14.901960784313726, 729.0, 27.45098039215686, 66,
0, 14.901960784313726, 737.5, 27.45098039215686, 66,
0, 14.901960784313726, 732.5, 27.058823529411764, 66,
0, 14.901960784313726, 719.5, 27.45098039215686, 66,
0, 14.901960784313726, 721.5, 27.45098039215686, 66,
0, 14.901960784313726, 734.5, 27.45098039215686, 66,
0, 14.901960784313726, 731.0, 27.45098039215686, 66,
0, 14.901960784313726, 732.5, 27.45098039215686, 66,
0, 14.901960784313726, 724.5, 27.45098039215686, 66,
0, 14.901960784313726, 721.0, 27.45098039215686, 66,
0, 14.901960784313726, 731.0, 27.058823529411764, 66,
0, 14.901960784313726, 732.0, 27.058823529411764, 66,
0, 14.901960784313726, 723.5, 27.45098039215686, 66,
0, 14.901960784313726, 722.0, 27.45098039215686, 66,
0, 14.901960784313726, 726.0, 27.45098039215686, 66,
0, 14.901960784313726, 732.0, 27.45098039215686, 67,
0, 14.901960784313726, 736.0, 27.45098039215686, 67,
0, 14.901960784313726, 729.5, 27.45098039215686, 67,
0, 14.901960784313726, 724.0, 27.45098039215686, 67,
0, 14.901960784313726, 715.5, 27.84313725490196, 67,
0, 14.901960784313726, 724.5, 27.45098039215686, 67,
0, 14.901960784313726, 720.0, 27.45098039215686, 67,
0, 14.901960784313726, 708.0, 27.84313725490196, 67,
0, 14.901960784313726, 716.5, 27.84313725490196, 67,
0, 14.901960784313726, 725.5, 27.45098039215686, 67,
0, 14.901960784313726, 720.5, 27.84313725490196, 67,
0, 14.901960784313726, 716.0, 27.84313725490196, 67,
0, 14.901960784313726, 716.5, 27.84313725490196, 67,
0, 14.901960784313726, 702.5, 28.235294117647058, 67,
0, 14.901960784313726, 721.0, 27.84313725490196, 67,
0, 14.901960784313726, 722.5, 27.84313725490196, 67,
0, 14.901960784313726, 719.5, 27.84313725490196, 67,
0, 14.901960784313726, 715.5, 27.84313725490196, 68,
0, 14.901960784313726, 711.5, 27.84313725490196, 68,
0, 14.901960784313726, 723.0, 27.84313725490196, 68,
0, 14.901960784313726, 719.5, 27.84313725490196, 68,
0, 14.901960784313726, 715.5, 27.84313725490196, 68,
0, 14.901960784313726, 711.0, 27.84313725490196, 68,
0, 14.901960784313726, 716.0, 27.84313725490196, 68,
0, 14.901960784313726, 717.0, 27.84313725490196, 68,
0, 14.901960784313726, 716.5, 27.84313725490196, 68,
0, 14.901960784313726, 715.0, 27.84313725490196, 68,
0, 14.901960784313726, 718.0, 27.84313725490196, 68,
0, 14.901960784313726, 708.0, 28.235294117647058, 68,
0, 14.901960784313726, 719.5, 27.84313725490196, 68,
0, 14.901960784313726, 726.0, 27.84313725490196, 68,
0, 14.901960784313726, 725.0, 27.84313725490196, 69,
0, 14.901960784313726, 714.5, 27.84313725490196, 69,
0, 14.901960784313726, 714.5, 27.84313725490196, 69,
0, 14.901960784313726, 724.0, 27.84313725490196, 69,
0, 14.901960784313726, 699.5, 28.235294117647058, 69,
0, 14.901960784313726, 720.0, 27.84313725490196, 69,
0, 14.901960784313726, 697.0, 28.235294117647058, 69,
0, 14.901960784313726, 696.0, 28.627450980392158, 69,
0, 14.901960784313726, 696.5, 28.627450980392158, 69,
0, 14.901960784313726, 719.5, 28.235294117647058, 69,
0, 14.901960784313726, 715.0, 28.235294117647058, 69,
0, 14.901960784313726, 701.0, 28.235294117647058, 69,
0, 14.901960784313726, 697.5, 28.627450980392158, 69,
0, 14.901960784313726, 709.5, 28.235294117647058, 69,
0, 14.901960784313726, 712.0, 27.84313725490196, 69,
0, 14.901960784313726, 710.5, 27.84313725490196, 69,
0, 14.901960784313726, 710.0, 28.235294117647058, 69,
0, 14.901960784313726, 702.0, 28.235294117647058, 69,
0, 14.901960784313726, 706.5, 28.235294117647058, 69,
0, 14.901960784313726, 710.0, 28.235294117647058, 69,
0, 14.901960784313726, 710.5, 28.235294117647058, 69,
0, 14.901960784313726, 710.0, 28.235294117647058, 69,
0, 14.901960784313726, 703.0, 28.627450980392158, 69,
0, 14.901960784313726, 715.0, 29.019607843137255, 69,
0, 14.901960784313726, 729.0, 28.627450980392158, 69,
0, 14.901960784313726, 724.0, 28.235294117647058, 69,
0, 14.901960784313726, 695.0, 28.235294117647058, 69,
0, 14.901960784313726, 701.0, 28.627450980392158, 69,
0, 14.901960784313726, 696.5, 28.627450980392158, 70,
0, 14.901960784313726, 718.5, 28.235294117647058, 70,
0, 14.901960784313726, 714.5, 30.980392156862745, 70,
0, 18.823529411764707, 1976.0, 28.235294117647058, 70,
0, 17.254901960784313, 2260.5, 16.862745098039216, 70,
0, 17.647058823529413, 1953.0, 20.392156862745097, 70,
0, 15.294117647058824, 1137.0, 21.176470588235293, 70,
1, 18.431372549019606, 1224.5, 34.11764705882353, 70,
1, 16.07843137254902, 1057.5, 25.098039215686274, 71,
1, 18.823529411764707, 1803.5, 21.176470588235293, 71,
3, 15.686274509803921, 1081.5, 22.352941176470587, 71,
3, 17.254901960784313, 1130.0, 24.705882352941178, 71,
4, 15.686274509803921, 872.0, 46.666666666666664, 71,
5, 18.431372549019606, 1557.5, 34.509803921568626, 71,
6, 18.431372549019606, 1396.5, 38.03921568627451, 71,
9, 17.647058823529413, 1347.0, 37.64705882352941, 71,
10, 15.294117647058824, 1011.5, 21.176470588235293, 71,
10, 14.901960784313726, 859.0, 23.137254901960784, 71,
9, 21.568627450980394, 1643.0, 48.627450980392155, 72,
12, 19.215686274509803, 