0.0, 0.0, 71,
0, 18.431372549019606, 0.0, 0.0, 71,
0, 18.431372549019606, 0.0, 0.0, 71,
0, 18.431372549019606, 0.0, 0.0, 71,
0, 18.431372549019606, 0.0, 0.0, 71,
0, 18.431372549019606, 0.0, 0.0, 71,
0, 18.431372549019606, 0.0, 0.0, 71,
0, 18.431372549019606, 0.0, 0.0, 71,
0, 18.431372549019606, 0.0, 0.0, 71,
0, 18.431372549019606, 0.0, 0.0, 71,
0, 18.431372549019606, 0.0, 0.0, 71,
0, 18.431372549019606, 0.0, 0.0, 71,
0, 18.431372549019606, 0.0, 0.0, 71,
0, 18.431372549019606, 0.0, 0.0, 71,
0, 18.431372549019606, 0.0, 0.0, 71,
0, 18.431372549019606, 0.0, 0.0, 71,
0, 18.431372549019606, 0.0, 0.0, 71,
0, 18.431372549019606, 0.0, 0.0, 71,
0, 18.431372549019606, 0.0, 0.0, 71,
0, 18.431372549019606, 0.0, 0.0, 71,
0, 18.431372549019606, 0.0, 0.0, 71,
0, 18.431372549019606, 0.0, 0.0, 71,
0, 18.431372549019606, 0.0, 0.0, 71,
0, 18.431372549019606, 0.0, 0.0, 71,
0, 18.431372549019606, 0.0, 0.0, 71,
0, 18.431372549019606, 0.0, 0.0, 71,
0, 18.431372549019606, 0.0, 0.0, 71,
0, 18.431372549019606, 0.0, 0.0, 71,
0, 18.431372549019606, 0.0, 0.0, 71,
0, 18.431372549019606, 0.0, 0.0, 71,
0, 18.431372549019606, 0.0, 0.0, 71,
0, 18.431372549019606, 0.0, 0.0, 71,
0, 18.431372549019606, 0.0, 0.0, 71,
0, 18.431372549019606, 0.0, 0.0, 71,
0, 18.431372549019606, 0.0, 0.0, 71,
0, 18.431372549019606, 0.0, 0.0, 71,
0, 18.431372549019606, 0.0, 0.0, 71,
0, 18.431372549019606, 0.0, 0.0, 71,
0, 18.431372549019606, 0.0, 0.0, 71,
0, 18.431372549019606, 0.0, 0.0, 71,
0, 18.431372549019606, 0.0, 0.0, 71,
0, 18.431372549019606, 0.0, 0.0, 71,
0, 18.431372549019606, 0.0, 0.0, 71,
0, 18.431372549019606, 0.0, 0.0, 71,
0, 18.431372549019606, 0.0, 0.0, 71,
0, 18.431372549019606, 0.0, 0.0, 71,
0, 18.431372549019606, 0.0, 0.0, 71,
0, 18.431372549019606, 0.0, 0.0, 71,
0, 18.431372549019606, 0.0, 0.0, 71,
0, 18.431372549019606, 0.0, 0.0, 71,
0, 18.431372549019606, 0.0, 0.0, 71,
0, 18.431372549019606, 0.0, 0.0, 71,
0, 18.431372549019606, 0.0, 0.0, 71,
0, 18.431372549019606, 0.0, 0.0, 71,
0, 18.431372549019606, 0.0, 0.0, 71,
0, 18.431372549019606, 0.0, 0.0, 71,
0, 18.431372549019606, 0.0, 0.0, 71,
0, 18.431372549019606, 0.0, 0.0, 71,
0, 18.431372549019606, 0.0, 0.0, 71,
0, 18.431372549019606, 0.0, 0.0, 71,
0, 18.431372549019606, 0.0, 0.0, 71,
0, 18.431372549019606, 0.0, 0.0, 71,
0, 18.431372549019606, 0.0, 0.0, 70,
0, 18.431372549019606, 0.0, 0.0, 70,
0, 18.431372549019606, 0.0, 0.0, 70,
0, 18.431372549019606, 0.0, 0.0, 70,
0, 18.431372549019606, 0.0, 0.0, 70,
0, 18.431372549019606, 0.0, 0.0, 70,
0, 18.431372549019606, 0.0, 0.0, 70,
0, 18.431372549019606, 0.0, 0.0, 70,
0, 18.431372549019606, 0.0, 0.0, 70,
0, 18.431372549019606, 0.0, 0.0, 70,
0, 18.431372549019606, 0.0, 0.0, 70,
0, 18.431372549019606, 0.0, 0.0, 70,
0, 18.431372549019606, 0.0, 0.0, 70,
0, 18.431372549019606, 0.0, 0.0, 70,
0, 18.431372549019606, 0.0, 0.0, 70,
0, 18.431372549019606, 0.0, 0.0, 70,
0, 18.431372549019606, 0.0, 0.0, 70,
0, 18.431372549019606, 0.0, 0.0, 70,
0, 18.431372549019606, 0.0, 0.0, 70,
0, 18.431372549019606, 0.0, 0.0, 70,
0, 18.431372549019606, 0.0, 0.0, 70,
0, 18.431372549019606, 0.0, 0.0, 70,
0, 18.431372549019606, 0.0, 0.0, 70,
0, 18.431372549019606, 0.0, 0.0, 70,
0, 18.431372549019606, 0.0, 0.0, 70,
0, 18.431372549019606, 0.0, 0.0, 70,
0, 18.431372549019606, 0.0, 0.0, 70,
0, 18.431372549019606, 0.0, 0.0, 70,
0, 18.431372549019606, 0.0, 0.0, 70,
0, 18.431372549019606, 0.0, 0.0, 70,
0, 18.431372549019606, 0.0, 0.0, 70,
0, 18.431372549019606, 0.0, 0.0, 70,
0, 18.431372549019606, 0.0, 0.0, 70,
0, 18.431372549019606, 0.0, 0.0, 70,
0, 18.431372549019606, 0.0, 0.0, 70,
0, 18.431372549019606, 0.0, 0.0, 70,
0, 18.431372549019606, 0.0, 0.0, 70,
0, 18.431372549019606, 0.0, 0.0, 70,
0, 18.431372549019606, 0.0, 0.0, 70,
0, 18.431372549019606, 0.0, 0.0, 70,
0, 18.431372549019606, 0.0, 0.0, 70,
0, 18.431372549019606, 0.0, 0.0, 70,
0, 18.431372549019606, 0.0, 0.0, 70,
0, 18.431372549019606, 0.0, 0.0, 70,
0, 18.431372549019606, 0.0, 0.0, 70,
0, 18.431372549019606, 0.0, 0.0, 70,
0, 18.431372549019606, 0.0, 0.0, 70,
0, 18.431372549019606, 0.0, 0.0, 70,
0, 18.431372549019606, 0.0, 0.0, 70,
0, 18.431372549019606, 0.0, 0.0, 70,
0, 18.431372549019606, 0.0, 0.0, 70,
0, 18.431372549019606, 0.0, 0.0, 70,
0, 18.431372549019606, 0.0, 0.0, 69,
0, 18.431372549019606, 0.0, 0.0, 70,
0, 18.431372549019606, 0.0, 0.0, 69,
0, 18.431372549019606, 0.0, 0.0, 69,
0, 18.431372549019606, 0.0, 0.0, 69,
0, 18.431372549019606, 0.0, 0.0, 69,
0, 18.431372549019606, 0.0, 0.0, 69,
0, 18.431372549019606, 0.0, 0.0, 69,
0, 18.431372549019606, 0.0, 0.0, 69,
0, 18.431372549019606, 0.0, 0.0, 69,
0, 18.431372549019606, 0.0, 0.0, 69,
0, 18.431372549019606, 0.0, 0.0, 69,
0, 18.431372549019606, 0.0, 0.0, 69,
0, 18.431372549019606, 0.0, 0.0, 69,
0, 18.431372549019606, 0.0, 0.0, 69,
0, 18.431372549019606, 0.0, 0.0, 69,
0, 18.431372549019606, 0.0, 0.0, 69,
0, 18.431372549019606, 0.0, 0.0, 69,
0, 18.431372549019606, 0.0, 0.0, 69,
0, 18.431372549019606, 0.0, 0.0, 69,
0, 18.431372549019606, 0.0, 0.0, 69,
0, 18.431372549019606, 0.0, 0.0, 69,
0, 18.431372549019606, 0.0, 0.0, 69,
0, 18.431372549019606, 0.0, 0.0, 69,
0, 18.431372549019606, 0.0, 0.0, 69,
0, 18.431372549019606, 0.0, 0.0, 69,
0, 18.431372549019606, 0.0, 0.0, 69,
0, 18.431372549019606, 0.0, 0.0, 69,
0, 18.431372549019606, 0.0, 0.0, 69,
0, 18.431372549019606, 0.0, 0.0, 69,
0, 18.431372549019606, 0.0, 0.0, 69,
0, 18.431372549019606, 0.0, 0.0, 69,
0, 18.431372549019606, 0.0, 0.0, 69,
0, 18.431372549019606, 0.0, 0.0, 69,
0, 18.431372549019606, 0.0, 0.0, 69,
0, 18.431372549019606, 0.0, 0.0, 69,
0, 18.431372549019606, 0.0, 0.0, 69,
0, 18.431372549019606, 0.0, 0.0, 69,
0, 18.431372549019606, 0.0, 0.0, 69,
0, 18.823529411764707, 0.0, 0.0, 69,
0, 18.431372549019606, 0.0, 0.0, 69,
0, 18.431372549019606, 0.0, 0.0, 69,
0, 18.431372549019606, 0.0, 0.0, 69,
0, 18.431372549019606, 0.0, 0.0, 69,
0, 18.431372549019606, 0.0, 0.0, 69,
0, 18.431372549019606, 0.0, 0.0, 69,
0, 18.431372549019606, 0.0, 0.0, 69,
0, 18.431372549019606, 0.0, 0.0, 69,
0, 18.431372549019606, 0.0, 0.0, 69,
0, 18.431372549019606, 0.0, 0.0, 69,
0, 18.431372549019606, 0.0, 0.0, 69,
0, 18.431372549019606, 0.0, 0.0, 69,
0, 18.431372549019606, 0.0, 0.0, 69,
0, 18.431372549019606, 0.0, 0.0, 69,
0, 18.431372549019606, 0.0, 0.0, 69,
0, 18.431372549019606, 0.0, 0.0, 69,
0, 18.431372549019606, 0.0, 0.0, 69,
0, 18.431372549019606, 0.0, 0.0, 69,
0, 18.431372549019606, 0.0, 0.0, 69,
0, 18.431372549019606, 0.0, 0.0, 69,
0, 18.431372549019606, 0.0, 0.0, 69,
0, 18.431372549019606, 0.0, 0.0, 69,
0, 18.431372549019606, 0.0, 0.0, 69,
0, 18.431372549019606, 0.0, 0.0, 69,
0, 18.431372549019606, 0.0, 0.0, 69,
0, 18.431372549019606, 0.0, 0.0, 69,
0, 18.431372549019606, 0.0, 0.0, 69,
0, 18.431372549019606, 0.0, 0.0, 69,
0, 18.431372549019606, 0.0, 0.0, 69,
0, 18.431372549019606, 0.0, 0.0, 69,
0, 18.431372549019606, 0.0, 0.0, 69,
0, 18.431372549019606, 0.0, 0.0, 69,
0, 18.431372549019606, 0.0, 0.0, 69,
0, 18.431372549019606, 0.0, 0.0, 69,
0, 18.431372549019606, 0.0, 0.0, 69,
0, 18.431372549019606, 0.0, 0.0, 69,
0, 18.431372549019606, 0.0, 0.0, 69,
0, 18.431372549019606, 0.0, 0.0, 69,
0, 18.431372549019606, 0.0, 0.0, 69,
0, 18.431372549019606, 0.0, 0.0, 69,
0, 18.431372549019606, 0.0, 0.0, 69,
0, 18.431372549019606, 0.0, 0.0, 69,
0, 18.431372549019606, 0.0, 0.0, 69,
0, 18.431372549019606, 0.0, 0.0, 69,
0, 18.431372549019606, 0.0, 0.0, 69,
0, 18.431372549019606, 0.0, 0.0, 69,
0, 18.431372549019606, 0.0, 0.0, 69,
0, 18.431372549019606, 0.0, 0.0, 69,
0, 18.431372549019606, 0.0, 0.0, 69,
0, 18.431372549019606, 0.0, 0.0, 69,
0, 18.431372549019606, 0.0, 0.0, 69,
0, 18.431372549019606, 0.0, 0.0, 69,
0, 18.431372549019606, 0.0, 0.0, 69,
0, 18.431372549019606, 0.0, 0.0, 69,
0, 18.431372549019606, 0.0, 0.0, 69,
0, 18.431372549019606, 0.0, 0.0, 69,
0, 18.431372549019606, 0.0, 0.0, 69,
0, 18.431372549019606, 0.0, 0.0, 69,
0, 18.431372549019606, 0.0, 0.0, 69,
0, 18.431372549019606, 0.0, 0.0, 69,
0, 18.431372549019606, 0.0, 0.0, 69,
0, 18.431372549019606, 0.0, 0.0, 69,
0, 18.431372549019606, 0.0, 0.0, 69,
0, 18.431372549019606, 0.0, 0.0, 69,
0, 18.431372549019606, 0.0, 0.0, 69,
0, 18.431372549019606, 0.0, 0.0, 69,
0, 18.431372549019606, 0.0, 0.0, 69,
0, 18.431372549019606, 0.0, 0.0, 69,
0, 18.431372549019606, 0.0, 0.0, 69,
0, 18.431372549019606, 0.0, 0.0, 69,
0, 18.431372549019606, 0.0, 0.0, 69,
0, 18.431372549019606, 0.0, 0.0, 69,
0, 18.431372549019606, 0.0, 0.0, 69,
0, 18.431372549019606, 0.0, 0.0, 69,
0, 18.431372549019606, 0.0, 0.0, 69,
0, 18.431372549019606, 0.0, 0.0, 69,
0, 18.431372549019606, 0.0, 0.0, 69,
0, 18.431372549019606, 0.0, 0.0, 69,
0, 18.431372549019606, 0.0, 0.0, 69,
0, 18.431372549019606, 0.0, 0.0, 69,
0, 18.431372549019606, 0.0, 0.0, 69,
0, 18.431372549019606, 0.0, 0.0, 69,
0, 18.431372549019606, 0.0, 0.0, 69,
0, 18.431372549019606, 0.0, 0.0, 69,
0, 18.431372549019606, 0.0, 0.0, 69,
0, 18.431372549019606, 0.0, 0.0, 69,
0, 18.431372549019606, 0.0, 0.0, 69,
0, 18.431372549019606, 0.0, 0.0, 69,
0, 18.431372549019606, 0.0, 0.0, 69,
0, 18.431372549019606, 0.0, 0.0, 69,
0, 18.431372549019606, 0.0, 0.0, 69,
0, 18.431372549019606, 0.0, 0.0, 69,
0, 18.431372549019606, 0.0, 0.0, 69,
0, 18.431372549019606, 0.0, 0.0, 69,
0, 18.431372549019606, 0.0, 0.0, 69,
0, 18.431372549019606, 0.0, 0.0, 69,
0, 18.431372549019606, 0.0, 0.0, 69,
0, 18.431372549019606, 0.0, 0.0, 69,
0, 18.431372549019606, 0.0, 0.0, 69,
0, 18.431372549019606, 0.0, 0.0, 69,
0, 18.431372549019606, 0.0, 0.0, 69,
0, 18.431372549019606, 0.0, 0.0, 69,
0, 18.431372549019606, 0.0, 0.0, 69,
0, 18.431372549019606, 0.0, 0.0, 69,
0, 18.431372549019606, 0.0, 0.0, 69,
0, 18.431372549019606, 0.0, 0.0, 69,
0, 18.431372549019606, 0.0, 0.0, 68,
0, 18.431372549019606, 0.0, 0.0, 68,
0, 18.431372549019606, 0.0, 0.0, 68,
0, 18.431372549019606, 0.0, 0.0, 68,
0, 18.431372549019606, 0.0, 0.0, 68,
0, 18.431372549019606, 0.0, 0.0, 68,
0, 18.431372549019606, 0.0, 0.0, 68,
0, 18.431372549019606, 0.0, 0.0, 68,
0, 18.431372549019606, 0.0, 0.0, 68,
0, 18.431372549019606, 0.0, 0.0, 68,
0, 18.431372549019606, 0.0, 0.0, 68,
0, 18.431372549019606, 0.0, 0.0, 68,
0, 18.431372549019606, 0.0, 0.0, 68,
0, 18.431372549019606, 0.0, 0.0, 68,
0, 18.431372549019606, 0.0, 0.0, 68,
0, 18.431372549019606, 0.0, 0.0, 68,
0, 18.431372549019606, 0.0, 0.0, 68,
0, 18.431372549019606, 0.0, 0.0, 68,
0, 18.431372549019606, 0.0, 0.0, 68,
0, 18.431372549019606, 0.0, 0.0, 68,
0, 18.431372549019606, 0.0, 0.0, 68,
0, 18.431372549019606, 0.0, 0.0, 68,
0, 18.431372549019606, 0.0, 0.0, 68,
0, 18.431372549019606, 0.0, 0.0, 68,
0, 18.431372549019606, 0.0, 0.0, 68,
0, 18.431372549019606, 0.0, 0.0, 68,
0, 18.431372549019606, 0.0, 0.0, 68,
0, 18.823529411764707, 0.0, 0.0, 68,
0, 18.431372549019606, 0.0, 0.0, 68,
0, 18.431372549019606, 0.0, 0.0, 68,
0, 18.431372549019606, 0.0, 0.0, 68,
0, 18.431372549019606, 0.0, 0.0, 68,
0, 18.431372549019606, 0.0, 0.0, 68,
0, 18.431372549019606, 0.0, 0.0, 68,
0, 18.431372549019606, 0.0, 0.0, 68,
0, 18.823529411764707, 0.0, 0.0, 68,
0, 18.431372549019606, 0.0, 0.0, 68,
0, 18.431372549019606, 0.0, 0.0, 68,
0, 18.431372549019606, 0.0, 0.0, 68,
0, 18.431372549019606, 0.0, 0.0, 68,
0, 18.431372549019606, 0.0, 0.0, 68,
0, 18.431372549019606, 0.0, 0.0, 68,
0, 18.431372549019606, 0.0, 0.0, 68,
0, 18.431372549019606, 0.0, 0.0, 68,
0, 18.431372549019606, 0.0, 0.0, 68,
0, 18.431372549019606, 0.0, 0.0, 68,
0, 18.431372549019606, 0.0, 0.0, 68,
0, 18.431372549019606, 0.0, 0.0, 68,
0, 18.431372549019606, 0.0, 0.0, 68,
0, 18.431372549019606, 0.0, 0.0, 68,
0, 18.431372549019606, 0.0, 0.0, 68,
0, 18.431372549019606, 0.0, 0.0, 68,
0, 18.431372549019606, 0.0, 0.0, 68,
0, 18.431372549019606, 0.0, 0.0, 68,
0, 18.431372549019606, 0.0, 0.0, 68,
0, 18.431372549019606, 0.0, 0.0, 68,
0, 18.431372549019606, 0.0, 0.0, 68,
0, 18.431372549019606, 0.0, 0.0, 68,
0, 18.431372549019606, 0.0, 0.0, 68,
0, 18.431372549019606, 0.0, 0.0, 68,
0, 18.431372549019606, 0.0, 0.0, 68,
0, 18.431372549019606, 0.0, 0.0, 68,
0, 18.431372549019606, 0.0, 0.0, 68,
0, 18.431372549019606, 0.0, 0.0, 68,
0, 18.431372549019606, 0.0, 0.0, 68,
0, 18.431372549019606, 0.0, 0.0, 68,
0, 18.431372549019606, 0.0, 0.0, 68,
0, 18.431372549019606, 0.0, 0.0, 68,
0, 18.431372549019606, 0.0, 0.0, 68,
0, 18.431372549019606, 0.0, 0.0, 68,
0, 18.431372549019606, 0.0, 0.0, 68,
0, 18.431372549019606, 0.0, 0.0, 68,
0, 18.431372549019606, 0.0, 0.0, 68,
0, 18.431372549019606, 0.0, 0.0, 68,
0, 18.431372549019606, 0.0, 0.0, 68,
0, 18.431372549019606, 0.0, 0.0, 68,
0, 18.823529411764707, 0.0, 0.0, 68,
0, 18.431372549019606, 0.0, 0.0, 68,
0, 18.431372549019606, 0.0, 0.0, 68,
0, 18.431372549019606, 0.0, 0.0, 68,
0, 18.431372549019606, 0.0, 0.0, 68,
0, 18.431372549019606, 0.0, 0.0, 68,
0, 18.431372549019606, 0.0, 0.0, 68,
0, 18.431372549019606, 0.0, 0.0, 67,
0, 18.431372549019606, 0.0, 0.0, 68,
0, 18.431372549019606, 0.0, 0.0, 67,
0, 18.431372549019606, 0.0, 0.0, 67,
0, 18.431372549019606, 0.0, 0.0, 67,
0, 18.823529411764707, 0.0, 0.0, 67,
0, 18.431372549019606, 0.0, 0.0, 67,
0, 18.431372549019606, 0.0, 0.0, 67,
0, 18.431372549019606, 0.0, 0.0, 67,
0, 18.431372549019606, 0.0, 0.0, 67,
0, 18.431372549019606, 0.0, 0.0, 67,
0, 18.431372549019606, 0.0, 0.0, 67,
0, 18.431372549019606, 0.0, 0.0, 67,
0, 18.431372549019606, 0.0, 0.0, 67,
0, 18.431372549019606, 0.0, 0.0, 67,
0, 18.431372549019606, 0.0, 0.0, 67,
0, 18.431372549019606, 0.0, 0.0, 67,
0, 18.431372549019606, 0.0, 0.0, 67,
0, 18.431372549019606, 0.0, 0.0, 67,
0, 18.431372549019606, 0.0, 0.0, 67,
0, 18.431372549019606, 0.0, 0.0, 67,
0, 18.431372549019606, 0.0, 0.0, 67,
0, 18.431372549019606, 0.0, 0.0, 67,
0, 18.431372549019606, 0.0, 0.0, 67,
0, 18.431372549019606, 0.0, 0.0, 67,
0, 18.431372549019606, 0.0, 0.0, 67,
0, 18.431372549019606, 0.0, 0.0, 67,
0, 18.431372549019606, 0.0, 0.0, 67,
0, 18.431372549019606, 0.0, 0.0, 67,
0, 18.431372549019606, 0.0, 0.0, 67,
0, 18.431372549019606, 0.0, 0.0, 67,
0, 18.431372549019606, 0.0, 0.0, 67,
0, 18.431372549019606, 0.0, 0.0, 67,
0, 18.431372549019606, 0.0, 0.0, 67,
0, 18.431372549019606, 0.0, 0.0, 67,
0, 18.431372549019606, 0.0, 0.0, 67,
0, 18.431372549019606, 0.0, 0.0, 67,
0, 18.431372549019606, 0.0, 0.0, 67,
0, 18.431372549019606, 0.0, 0.0, 67,
0, 18.431372549019606, 0.0, 0.0, 67,
0, 18.431372549019606, 0.0, 0.0, 67,
0, 18.431372549019606, 0.0, 0.0, 67,
0, 18.431372549019606, 0.0, 0.0, 67,
0, 18.431372549019606, 0.0, 0.0, 67,
0, 18.431372549019606, 0.0, 0.0, 67,
0, 18.431372549019606, 0.0, 0.0, 67,
0, 18.431372549019606, 0.0, 0.0, 67,
0, 18.431372549019606, 0.0, 0.0, 67,
0, 18.431372549019606, 0.0, 0.0, 67,
0, 18.431372549019606, 0.0, 0.0, 67,
0, 18.431372549019606, 0.0, 0.0, 67,
0, 18.431372549019606, 0.0, 0.0, 67,
0, 18.431372549019606, 0.0, 0.0, 67,
0, 18.431372549019606, 0.0, 0.0, 67,
0, 18.431372549019606, 0.0, 0.0, 67,
0, 18.431372549019606, 0.0, 0.0, 67,
0, 18.431372549019606, 0.0, 0.0, 67,
0, 18.431372549019606, 0.0, 0.0, 67,
0, 18.431372549019606, 0.0, 0.0, 67,
0, 18.431372549019606, 0.0, 0.0, 67,
0, 18.431372549019606, 0.0, 0.0, 67,
0, 18.431372549019606, 0.0, 0.0, 67,
0, 18.431372549019606, 0.0, 0.0, 67,
0, 18.431372549019606, 0.0, 0.0, 67,
0, 18.431372549019606, 0.0, 0.0, 67,
0, 18.431372549019606, 0.0, 0.0, 67,
0, 18.431372549019606, 0.0, 0.0, 67,
0, 18.431372549019606, 0.0, 0.0, 67,
0, 18.431372549019606, 0.0, 0.0, 67,
0, 18.431372549019606, 0.0, 0.0, 67,
0, 18.431372549019606, 0.0, 0.0, 67,
0, 18.431372549019606, 0.0, 0.0, 67,
0, 18.431372549019606, 0.0, 0.0, 67,
0, 18.431372549019606, 0.0, 0.0, 67,
0, 18.431372549019606, 0.0, 0.0, 67,
0, 18.431372549019606, 0.0, 0.0, 67,
0, 18.431372549019606, 0.0, 0.0, 67,
0, 18.431372549019606, 0.0, 0.0, 67,
0, 18.431372549019606, 0.0, 0.0, 67,
0, 18.431372549019606, 0.0, 0.0, 67,
0, 18.431372549019606, 0.0, 0.0, 67,
0, 18.431372549019606, 0.0, 0.0, 67,
0, 18.431372549019606, 0.0, 0.0, 67,
0, 18.431372549019606, 0.0, 0.0, 67,
0, 18.431372549019606, 0.0, 0.0, 67,
0, 18.431372549019606, 0.0, 0.0, 67,
0, 18.431372549019606, 0.0, 0.0, 67,
0, 18.431372549019606, 0.0, 0.0, 67,
0, 18.431372549019606, 0.0, 0.0, 67,
0, 18.431372549019606, 0.0, 0.0, 67,
0, 18.431372549019606, 0.0, 0.0, 67,
0, 18.431372549019606, 0.0, 0.0, 67,
0, 18.431372549019606, 0.0, 0.0, 67,
0, 18.431372549019606, 0.0, 0.0, 67,
0, 18.431372549019606, 0.0, 0.0, 67,
0, 18.431372549019606, 0.0, 0.0, 67,
0, 18.431372549019606, 0.0, 0.0, 67,
0, 18.431372549019606, 0.0, 0.0, 67,
0, 18.431372549019606, 0.0, 0.0, 67,
0, 18.431372549019606, 0.0, 0.0, 67,
0, 18.431372549019606, 