0, 12.549019607843137, 701.5, 84,
23.529411764705884, 0, 12.549019607843137, 698.0, 84,
23.529411764705884, 0, 12.549019607843137, 698.5, 84,
23.529411764705884, 0, 12.549019607843137, 697.5, 84,
23.92156862745098, 0, 12.549019607843137, 699.0, 84,
23.529411764705884, 0, 12.549019607843137, 697.5, 84,
23.529411764705884, 0, 12.549019607843137, 695.5, 84,
23.92156862745098, 0, 12.549019607843137, 697.5, 84,
23.92156862745098, 0, 12.549019607843137, 699.5, 84,
23.529411764705884, 0, 12.549019607843137, 699.5, 84,
23.529411764705884, 0, 12.549019607843137, 699.0, 84,
23.529411764705884, 0, 12.549019607843137, 698.5, 84,
23.92156862745098, 0, 12.549019607843137, 707.5, 84,
23.529411764705884, 0, 12.549019607843137, 702.0, 84,
23.529411764705884, 0, 12.549019607843137, 697.5, 84,
23.92156862745098, 0, 12.549019607843137, 694.5, 84,
23.92156862745098, 0, 12.549019607843137, 698.0, 84,
23.92156862745098, 0, 12.549019607843137, 698.5, 84,
23.529411764705884, 0, 12.549019607843137, 697.0, 84,
23.529411764705884, 0, 12.549019607843137, 699.0, 84,
23.92156862745098, 0, 12.549019607843137, 697.5, 84,
23.92156862745098, 0, 12.549019607843137, 699.5, 84,
23.92156862745098, 0, 12.549019607843137, 703.0, 84,
23.92156862745098, 0, 12.549019607843137, 705.0, 84,
23.529411764705884, 0, 12.549019607843137, 696.0, 84,
23.92156862745098, 0, 12.549019607843137, 700.0, 84,
23.92156862745098, 0, 12.549019607843137, 697.5, 84,
23.92156862745098, 0, 12.549019607843137, 704.0, 84,
23.529411764705884, 0, 12.941176470588236, 692.0, 84,
23.92156862745098, 0, 12.549019607843137, 699.0, 84,
23.529411764705884, 0, 12.549019607843137, 697.5, 84,
23.92156862745098, 0, 12.549019607843137, 697.0, 84,
23.92156862745098, 0, 12.549019607843137, 698.5, 84,
23.92156862745098, 0, 12.549019607843137, 705.5, 84,
23.92156862745098, 0, 12.549019607843137, 694.0, 84,
23.92156862745098, 0, 12.549019607843137, 694.5, 84,
23.92156862745098, 0, 12.549019607843137, 696.5, 84,
24.705882352941178, 0, 12.549019607843137, 703.5, 84,
23.92156862745098, 0, 12.549019607843137, 693.5, 84,
24.313725490196077, 0, 12.549019607843137, 692.5, 84,
23.92156862745098, 0, 12.549019607843137, 697.5, 84,
24.313725490196077, 0, 12.549019607843137, 693.5, 84,
23.92156862745098, 0, 12.549019607843137, 699.0, 84,
24.313725490196077, 0, 12.549019607843137, 698.0, 84,
24.313725490196077, 0, 12.549019607843137, 701.0, 84,
24.313725490196077, 0, 12.549019607843137, 701.0, 84,
23.92156862745098, 0, 12.549019607843137, 697.0, 84,
24.313725490196077, 0, 12.549019607843137, 690.0, 84,
24.313725490196077, 0, 12.549019607843137, 706.0, 84,
23.92156862745098, 0, 12.549019607843137, 694.5, 84,
24.705882352941178, 0, 12.549019607843137, 703.0, 84,
23.92156862745098, 0, 12.941176470588236, 697.5, 84,
24.313725490196077, 0, 12.549019607843137, 695.0, 84,
24.705882352941178, 0, 12.549019607843137, 706.0, 84,
23.92156862745098, 0, 12.549019607843137, 689.5, 84,
24.705882352941178, 0, 12.549019607843137, 700.5, 84,
24.313725490196077, 0, 12.549019607843137, 695.5, 84,
24.313725490196077, 0, 12.549019607843137, 699.0, 84,
24.313725490196077, 0, 12.549019607843137, 702.0, 84,
24.313725490196077, 0, 12.549019607843137, 699.0, 84,
24.313725490196077, 0, 12.549019607843137, 702.5, 84,
24.313725490196077, 0, 12.549019607843137, 700.0, 84,
24.313725490196077, 0, 12.549019607843137, 701.0, 84,
24.705882352941178, 0, 12.549019607843137, 698.0, 84,
24.705882352941178, 0, 12.549019607843137, 705.5, 84,
24.313725490196077, 0, 12.549019607843137, 702.0, 84,
24.705882352941178, 0, 12.549019607843137, 701.5, 84,
24.705882352941178, 0, 12.549019607843137, 691.0, 84,
25.098039215686274, 0, 12.549019607843137, 706.0, 84,
23.92156862745098, 0, 12.549019607843137, 700.5, 84,
25.098039215686274, 0, 12.549019607843137, 700.0, 84,
24.313725490196077, 0, 12.941176470588236, 700.0, 84,
24.705882352941178, 0, 12.549019607843137, 699.0, 84,
25.098039215686274, 0, 12.549019607843137, 696.5, 84,
24.313725490196077, 0, 12.941176470588236, 699.0, 84,
24.313725490196077, 0, 12.941176470588236, 698.0, 84,
25.098039215686274, 0, 12.549019607843137, 707.5, 84,
24.705882352941178, 0, 12.549019607843137, 702.0, 84,
24.705882352941178, 0, 12.549019607843137, 700.0, 84,
24.705882352941178, 0, 12.549019607843137, 693.0, 84,
25.098039215686274, 0, 12.549019607843137, 704.0, 84,
24.705882352941178, 0, 12.549019607843137, 700.5, 84,
24.705882352941178, 0, 12.549019607843137, 698.5, 84,
24.705882352941178, 0, 12.549019607843137, 699.0, 84,
24.705882352941178, 0, 12.549019607843137, 702.5, 84,
24.705882352941178, 0, 12.549019607843137, 692.5, 84,
25.098039215686274, 0, 12.549019607843137, 700.5, 84,
25.098039215686274, 0, 12.549019607843137, 702.0, 84,
24.313725490196077, 0, 12.941176470588236, 697.0, 84,
25.098039215686274, 0, 12.549019607843137, 699.5, 84,
25.49019607843137, 0, 12.549019607843137, 699.0, 84,
24.313725490196077, 0, 12.941176470588236, 700.0, 84,
25.098039215686274, 0, 12.549019607843137, 694.5, 84,
25.098039215686274, 0, 12.941176470588236, 694.0, 84,
24.705882352941178, 0, 12.549019607843137, 703.0, 84,
24.705882352941178, 0, 12.549019607843137, 701.0, 84,
24.705882352941178, 0, 12.549019607843137, 701.0, 84,
25.098039215686274, 0, 12.549019607843137, 700.0, 84,
24.705882352941178, 0, 12.549019607843137, 697.0, 84,
24.705882352941178, 0, 12.549019607843137, 702.0, 84,
24.705882352941178, 0, 12.549019607843137, 699.5, 84,
24.705882352941178, 0, 12.549019607843137, 698.0, 84,
25.098039215686274, 0, 12.549019607843137, 701.5, 84,
24.313725490196077, 0, 12.549019607843137, 694.0, 84,
25.098039215686274, 0, 12.549019607843137, 699.5, 84,
24.705882352941178, 0, 12.941176470588236, 698.0, 84,
24.705882352941178, 0, 12.549019607843137, 701.5, 84,
25.098039215686274, 0, 12.549019607843137, 700.0, 84,
24.705882352941178, 0, 12.549019607843137, 698.0, 84,
25.098039215686274, 0, 12.549019607843137, 703.0, 84,
24.313725490196077, 0, 12.941176470588236, 701.0, 84,
25.098039215686274, 0, 12.549019607843137, 702.0, 84,
25.098039215686274, 0, 12.549019607843137, 698.0, 84,
24.705882352941178, 0, 12.549019607843137, 698.5, 84,
25.098039215686274, 0, 12.549019607843137, 696.5, 84,
24.313725490196077, 0, 12.549019607843137, 696.0, 84,
24.705882352941178, 0, 12.549019607843137, 695.5, 84,
24.705882352941178, 0, 12.549019607843137, 696.5, 84,
25.098039215686274, 0, 12.549019607843137, 703.5, 84,
24.705882352941178, 0, 12.549019607843137, 696.5, 84,
25.098039215686274, 0, 12.549019607843137, 700.5, 84,
25.098039215686274, 0, 12.549019607843137, 703.5, 84,
24.313725490196077, 0, 12.549019607843137, 700.5, 84,
24.705882352941178, 0, 12.549019607843137, 699.5, 84,
25.098039215686274, 0, 12.549019607843137, 701.5, 84,
24.705882352941178, 0, 12.549019607843137, 701.5, 84,
24.313725490196077, 0, 12.941176470588236, 691.0, 84,
25.49019607843137, 0, 12.549019607843137, 704.5, 84,
24.705882352941178, 0, 12.549019607843137, 700.5, 84,
24.705882352941178, 0, 12.549019607843137, 695.0, 84,
25.098039215686274, 0, 12.549019607843137, 701.5, 84,
24.705882352941178, 0, 12.549019607843137, 706.0, 84,
24.705882352941178, 0, 12.549019607843137, 698.0, 84,
24.705882352941178, 0, 12.549019607843137, 697.0, 84,
25.098039215686274, 0, 12.549019607843137, 701.0, 84,
24.705882352941178, 0, 12.549019607843137, 699.0, 84,
25.098039215686274, 0, 12.549019607843137, 701.0, 84,
24.313725490196077, 0, 12.941176470588236, 697.5, 84,
25.098039215686274, 0, 12.549019607843137, 698.0, 84,
24.705882352941178, 0, 12.549019607843137, 703.5, 84,
24.313725490196077, 0, 12.549019607843137, 702.0, 84,
24.705882352941178, 0, 12.549019607843137, 697.0, 84,
25.098039215686274, 0, 12.549019607843137, 703.5, 84,
24.705882352941178, 0, 12.549019607843137, 700.0, 84,
24.705882352941178, 0, 12.549019607843137, 696.0, 84,
25.098039215686274, 0, 12.549019607843137, 704.0, 84,
24.705882352941178, 0, 12.549019607843137, 706.0, 84,
24.705882352941178, 0, 12.549019607843137, 700.5, 84,
24.705882352941178, 0, 12.549019607843137, 700.5, 84,
24.705882352941178, 0, 12.549019607843137, 701.0, 84,
24.705882352941178, 0, 12.549019607843137, 697.5, 84,
24.705882352941178, 0, 12.549019607843137, 699.5, 84,
25.098039215686274, 0, 12.549019607843137, 704.0, 84,
25.098039215686274, 0, 12.549019607843137, 702.0, 84,
24.705882352941178, 0, 12.549019607843137, 696.5, 84,
24.705882352941178, 0, 12.549019607843137, 692.5, 84,
25.098039215686274, 0, 12.549019607843137, 699.5, 84,
24.705882352941178, 0, 12.549019607843137, 704.0, 84,
24.705882352941178, 0, 12.549019607843137, 703.0, 84,
24.705882352941178, 0, 12.549019607843137, 701.5, 84,
24.705882352941178, 0, 12.549019607843137, 700.5, 84,
24.705882352941178, 0, 12.549019607843137, 702.5, 84,
24.705882352941178, 0, 12.549019607843137, 694.0, 84,
25.098039215686274, 0, 12.549019607843137, 699.5, 84,
24.705882352941178, 0, 12.549019607843137, 694.5, 84,
25.098039215686274, 0, 12.549019607843137, 698.5, 84,
24.705882352941178, 0, 12.549019607843137, 699.5, 84,
25.098039215686274, 0, 12.549019607843137, 703.0, 84,
25.098039215686274, 0, 12.549019607843137, 700.5, 84,
25.098039215686274, 0, 12.549019607843137, 701.5, 84,
24.705882352941178, 0, 12.549019607843137, 697.0, 84,
25.098039215686274, 0, 12.549019607843137, 702.0, 84,
24.705882352941178, 0, 12.549019607843137, 698.0, 84,
25.098039215686274, 0, 12.549019607843137, 704.0, 84,
24.705882352941178, 0, 12.549019607843137, 698.5, 84,
25.098039215686274, 0, 12.549019607843137, 701.0, 84,
24.705882352941178, 0, 12.549019607843137, 706.0, 84,
24.705882352941178, 0, 12.549019607843137, 701.0, 84,
24.705882352941178, 0, 12.549019607843137, 696.5, 84,
24.705882352941178, 0, 12.549019607843137, 697.0, 84,
25.098039215686274, 0, 12.549019607843137, 704.5, 84,
24.705882352941178, 0, 12.549019607843137, 701.0, 84,
24.705882352941178, 0, 12.549019607843137, 693.0, 84,
24.705882352941178, 0, 12.549019607843137, 695.5, 84,
25.098039215686274, 0, 12.549019607843137, 706.5, 84,
24.705882352941178, 0, 12.549019607843137, 694.5, 84,
25.098039215686274, 0, 12.549019607843137, 700.0, 84,
25.098039215686274, 0, 12.549019607843137, 695.5, 84,
25.098039215686274, 0, 12.549019607843137, 702.5, 84,
24.705882352941178, 0, 12.549019607843137, 696.5, 84,
24.705882352941178, 0, 12.549019607843137, 695.5, 84,
25.098039215686274, 0, 12.549019607843137, 699.0, 84,
25.098039215686274, 0, 12.549019607843137, 701.5, 84,
24.705882352941178, 0, 12.549019607843137, 700.5, 84,
24.705882352941178, 0, 12.549019607843137, 696.0, 84,
24.705882352941178, 0, 12.549019607843137, 702.5, 84,
24.705882352941178, 0, 12.549019607843137, 699.5, 84,
24.705882352941178, 0, 12.549019607843137, 696.5, 84,
25.098039215686274, 0, 12.549019607843137, 702.0, 84,
25.098039215686274, 0, 12.549019607843137, 706.0, 84,
24.705882352941178, 0, 12.549019607843137, 698.0, 84,
24.705882352941178, 0, 12.549019607843137, 697.5, 84,
25.098039215686274, 0, 12.549019607843137, 699.5, 84,
25.098039215686274, 0, 12.549019607843137, 696.0, 84,
24.705882352941178, 0, 12.549019607843137, 693.0, 84,
25.098039215686274, 0, 12.549019607843137, 702.0, 84,
24.705882352941178, 0, 12.941176470588236, 698.5, 84,
25.098039215686274, 0, 12.549019607843137, 704.0, 84,
25.098039215686274, 0, 12.549019607843137, 696.5, 84,
25.098039215686274, 0, 12.549019607843137, 695.5, 84,
25.098039215686274, 0, 12.549019607843137, 693.5, 84,
25.098039215686274, 0, 12.549019607843137, 703.0, 84,
24.705882352941178, 0, 12.549019607843137, 697.0, 84,
25.098039215686274, 0, 12.549019607843137, 693.0, 84,
25.098039215686274, 0, 12.549019607843137, 701.0, 84,
25.098039215686274, 0, 12.549019607843137, 695.0, 84,
24.705882352941178, 0, 12.549019607843137, 697.0, 84,
25.098039215686274, 0, 12.549019607843137, 695.5, 84,
25.098039215686274, 0, 12.549019607843137, 702.0, 84,
24.705882352941178, 0, 12.549019607843137, 703.0, 84,
24.705882352941178, 0, 12.549019607843137, 701.0, 84,
25.098039215686274, 0, 12.549019607843137, 692.0, 84,
25.098039215686274, 0, 12.549019607843137, 695.5, 84,
25.098039215686274, 0, 12.549019607843137, 702.0, 84,
24.705882352941178, 0, 12.549019607843137, 695.5, 84,
24.705882352941178, 0, 12.549019607843137, 699.0, 84,
25.098039215686274, 0, 12.549019607843137, 699.0, 84,
25.098039215686274, 0, 12.549019607843137, 700.5, 84,
24.705882352941178, 0, 12.549019607843137, 694.5, 84,
25.098039215686274, 0, 12.549019607843137, 697.5, 84,
25.098039215686274, 0, 12.549019607843137, 701.5, 84,
24.705882352941178, 0, 12.549019607843137, 704.5, 84,
25.098039215686274, 0, 12.549019607843137, 690.0, 84,
25.098039215686274, 0, 12.549019607843137, 697.0, 84,
25.098039215686274, 0, 12.549019607843137, 707.5, 84,
24.705882352941178, 0, 12.549019607843137, 700.5, 84,
24.705882352941178, 0, 12.549019607843137, 697.5, 84,
25.098039215686274, 0, 12.549019607843137, 699.5, 84,
25.098039215686274, 0, 12.549019607843137, 698.5, 84,
25.098039215686274, 0, 12.549019607843137, 698.0, 84,
24.705882352941178, 0, 12.549019607843137, 697.0, 84,
25.098039215686274, 0, 12.549019607843137, 694.0, 84,
24.705882352941178, 0, 12.549019607843137, 697.0, 84,
24.705882352941178, 0, 12.549019607843137, 701.0, 84,
25.098039215686274, 0, 12.549019607843137, 697.5, 84,
25.098039215686274, 0, 12.549019607843137, 696.5, 84,
25.098039215686274, 0, 12.549019607843137, 702.0, 84,
24.705882352941178, 0, 12.549019607843137, 695.0, 84,
25.098039215686274, 0, 12.549019607843137, 696.0, 84,
25.098039215686274, 0, 12.549019607843137, 708.0, 84,
24.705882352941178, 0, 12.549019607843137, 701.0, 84,
24.705882352941178, 0, 12.549019607843137, 695.5, 84,
24.705882352941178, 0, 12.549019607843137, 696.5, 84,
25.098039215686274, 0, 12.549019607843137, 699.0, 84,
24.705882352941178, 0, 12.549019607843137, 698.0, 84,
24.705882352941178, 0, 12.549019607843137, 700.0, 84,
24.705882352941178, 0, 12.549019607843137, 700.0, 84,
24.705882352941178, 0, 12.549019607843137, 702.0, 84,
24.705882352941178, 0, 12.549019607843137, 698.0, 84,
25.098039215686274, 0, 12.549019607843137, 697.5, 84,
24.705882352941178, 0, 12.549019607843137, 696.5, 84,
24.705882352941178, 0, 12.549019607843137, 703.0, 84,
24.705882352941178, 0, 12.549019607843137, 699.0, 84,
25.098039215686274, 0, 12.549019607843137, 699.5, 84,
25.098039215686274, 0, 12.549019607843137, 699.5, 84,
24.705882352941178, 0, 12.549019607843137, 707.0, 84,
24.705882352941178, 0, 12.549019607843137, 699.0, 84,
24.705882352941178, 0, 12.549019607843137, 694.0, 84,
24.705882352941178, 0, 12.549019607843137, 703.0, 84,
24.705882352941178, 0, 12.549019607843137, 694.5, 84,
24.705882352941178, 0, 12.549019607843137, 697.0, 84,
24.705882352941178, 0, 12.549019607843137, 696.0, 84,
25.098039215686274, 0, 12.549019607843137, 699.5, 84,
25.098039215686274, 0, 12.549019607843137, 695.5, 84,
25.098039215686274, 0, 12.549019607843137, 696.0, 84,
24.705882352941178, 0, 12.549019607843137, 697.0, 84,
25.098039215686274, 0, 12.549019607843137, 703.0, 84,
25.098039215686274, 0, 12.549019607843137, 703.0, 84,
24.705882352941178, 0, 12.549019607843137, 702.5, 84,
24.705882352941178, 0, 12.549019607843137, 696.5, 84,
25.098039215686274, 0, 12.549019607843137, 699.0, 84,
25.098039215686274, 0, 12.549019607843137, 700.0, 84,
25.098039215686274, 0, 12.549019607843137, 700.0, 84,
24.705882352941178, 0, 12.549019607843137, 695.0, 84,
25.098039215686274, 0, 12.549019607843137, 703.5, 84,
25.098039215686274, 0, 12.549019607843137, 705.0, 84,
24.705882352941178, 0, 12.549019607843137, 701.0, 84,
24.705882352941178, 0, 12.549019607843137, 694.0, 84,
25.098039215686274, 0, 12.549019607843137, 699.0, 84,
25.49019607843137, 0, 12.549019607843137, 699.5, 84,
25.098039215686274, 0, 12.549019607843137, 701.0, 84,
24.705882352941178, 0, 12.549019607843137, 702.5, 84,
24.705882352941178, 0, 12.549019607843137, 702.5, 84,
24.705882352941178, 0, 12.549019607843137, 697.0, 84,
25.098039215686274, 0, 12.549019607843137, 702.0, 84,
25.098039215686274, 0, 12.549019607843137, 696.0, 84,
25.098039215686274, 0, 12.549019607843137, 702.5, 84,
24.705882352941178, 0, 12.941176470588236, 694.0, 84,
25.49019607843137, 0, 12.549019607843137, 697.5, 84,
24.705882352941178, 0, 12.941176470588236, 697.5, 84,
24.705882352941178, 0, 12.941176470588236, 690.0, 84,
25.49019607843137, 0, 12.549019607843137, 697.0, 84,
25.098039215686274, 0, 12.549019607843137, 705.0, 84,
25.098039215686274, 0, 12.549019607843137, 693.5, 84,
25.098039215686274, 0, 12.549019607843137, 695.0, 84,
25.098039215686274, 0, 12.549019607843137, 703.5, 84,
25.098039215686274, 0, 12.549019607843137, 698.0, 84,
25.098039215686274, 0, 12.549019607843137, 696.5, 84,
25.49019607843137, 0, 12.549019607843137, 708.0, 84,
25.098039215686274, 0, 12.549019607843137, 688.5, 84,
25.49019607843137, 0, 12.941176470588236, 701.0, 84,
25.098039215686274, 0, 12.549019607843137, 696.0, 84,
25.49019607843137, 0, 12.941176470588236, 704.0, 84,
25.098039215686274, 0, 12.549019607843137, 703.5, 84,
25.88235294117647, 0, 12.549019607843137, 695.0, 84,
24.705882352941178, 0, 12.941176470588236, 696.0, 84,
25.49019607843137, 0, 12.549019607843137, 704.0, 84,
25.098039215686274, 0, 12.941176470588236, 702.0, 84,
25.49019607843137, 0, 12.549019607843137, 702.0, 84,
25.49019607843137, 0, 12.941176470588236, 699.0, 84,
25.098039215686274, 0, 12.549019607843137, 703.5, 84,
25.098039215686274, 0, 12.549019607843137, 695.0, 84,
25.49019607843137, 0, 12.549019607843137, 695.0, 84,
25.49019607843137, 0, 12.549019607843137, 699.0, 84,
25.098039215686274, 0, 12.549019607843137, 702.0, 84,
25.098039215686274, 0, 12.549019607843137, 700.0, 84,
25.098039215686274, 0, 12.549019607843137, 699.0, 84,
25.49019607843137, 0, 12.941176470588236, 698.0, 84,
25.49019607843137, 0, 12.549019607843137, 709.5, 84,
25.098039215686274, 0, 12.549019607843137, 691.5, 84,
25.098039215686274, 0, 12.549019607843137, 700.5, 84,
25.49019607843137, 0, 12.549019607843137, 693.5, 84,
25.49019607843137, 0, 12.549019607843137, 702.5, 84,
25.49019607843137, 0, 12.549019607843137, 704.5, 84,
24.313725490196077, 0, 12.941176470588236, 695.5, 84,
25.098039215686274, 0, 12.941176470588236, 700.5, 84,
25.098039215686274, 0, 12.549019607843137, 700.0, 84,
25.88235294117647, 0, 12.549019607843137, 702.5, 84,
25.098039215686274, 0, 12.941176470588236, 700.5, 84,
24.705882352941178, 0, 12.549019607843137, 700.5, 84,
25.098039215686274, 0, 12.549019607843137, 698.5, 84,
25.49019607843137, 0, 12.549019607843137, 694.5, 84,
26.274509803921568, 0, 12.549019607843137, 701.5, 84,
24.705882352941178, 0, 12.941176470588236, 703.0, 84,
25.49019607843137, 0, 12.549019607843137, 695.0, 84,
25.098039215686274, 0, 12.941176470588236, 701.5, 84,
25.49019607843137, 0, 12.549019607843137, 697.0, 84,
25.49019607843137, 0, 12.549019607843137, 704.5, 84,
25.098039215686274, 0, 12.549019607843137, 697.5, 84,
25.49019607843137, 0, 12.941176470588236, 699.5, 84,
25.49019607843137, 0, 12.549019607843137, 693.0, 84,
25.49019607843137, 0, 12.549019607843137, 701.0, 84,
25.49019607843137, 0, 12.549019607843137, 706.5, 84,
25.098039215686274, 0, 12.549019607843137, 700.5, 84,
25.098039215686274, 0, 12.549019607843137, 693.0, 84,
25.49019607843137, 0, 12.549019607843137, 704.5, 84,
25.49019607843137, 0, 12.549019607843137, 701.5, 84,
25.098039215686274, 0, 12.549019607843137, 699.0, 84,
25.098039215686274, 0, 12.549019607843137, 695.0, 84,
25.49019607843137, 0, 12.549019607843137, 697.5, 84,
25.49019607843137, 0, 12.549019607843137, 702.0, 84,
25.098039215686274, 0, 12.549019607843137, 699.5, 84,
25.098039215686274, 0, 12.549019607843137, 700.0, 84,
25.49019607843137, 0, 12.941176470588236, 698.0, 84,
25.49019607843137, 0, 12.549019607843137, 699.5, 84,
25.098039215686274, 0, 12.549019607843137, 701.0, 84,
25.098039215686274, 0, 12.549019607843137, 697.0, 84,
25.49019607843137, 0, 12.549019607843137, 696.5, 84,
25.098039215686274, 0, 12.941176470588236, 699.5, 84,
25.49019607843137, 0, 12.549019607843137, 705.0, 84,
25.098039215686274, 0, 12.549019607843137, 695.5, 84,
25.098039215686274, 0, 12.941176470588236, 699.0, 84,
25.49019607843137, 0, 12.549019607843137, 697.0, 84,
25.49019607843137, 0, 12.549019607843137, 703.5, 84,
25.098039215686274, 0, 12.549019607843137, 700.0, 84,
25.098039215686274, 0, 12.549019607843137, 701.5, 84,
25.098039215686274, 0, 12.549019607843137, 697.0, 84,
25.49019607843137, 0, 12.941176470588236, 704.0, 84,
25.49019607843137, 0, 12.549019607843137, 703.0, 84,
25.098039215686274, 0, 12.941176470588236, 692.5, 84,
25.49019607843137, 0, 12.549019607843137, 692.5, 84,
24.705882352941178, 0, 12.941176470588236, 699.0, 84,
25.098039215686274, 0, 12.549019607843137, 696.0, 84,
25.098039215686274, 0, 12.549019607843137, 692.5, 84,
25.49019607843137, 0, 12.549019607843137, 696.0, 84,
25.49019607843137, 0, 12.549019607843137, 704.5, 84,
25.49019607843137, 0, 12.549019607843137, 700.0, 84,
25.098039215686274, 0, 12.549019607843137, 699.0, 84,
25.098039215686274, 0, 12.549019607843137, 701.0, 84,
25.49019607843137, 0, 12.549019607843137, 699.0, 84,
25.098039215686274, 0, 12.549019607843137, 698.0, 84,
25.098039215686274, 0, 12.941176470588236, 698.5, 84,
25.49019607843137, 0, 12.549019607843137, 697.5, 84,
25.49019607843137, 0, 12.549019607843137, 705.0, 84,
25.098039215686274, 0, 12.549019607843137, 699.0, 84,
25.098039215686274, 0, 12.549019607843137, 700.0, 84,
25.098039215686274, 0, 12.941176470588236, 695.5, 84,
25.49019607843137, 0, 12.549019607843137, 701.0, 84,
25.098039215686274, 0, 12.549019607843137, 701.0, 84,
25.098039215686274, 0, 12.549019607843137, 697.0, 84,
25.49019607843137, 0, 12.549019607843137, 699.5, 84,
25.098039215686274, 0, 12.549019607843137, 698.0, 84,
25.098039215686274, 0, 12.549019607843137, 701.0, 84,
25.098039215686274, 0, 12.549019607843137, 698.0, 84,
25.098039215686274, 0, 12.549019607843137, 696.5, 84,
25.49019607843137, 0, 12.549019607843137, 704.0, 84,
25.49019607843137, 0, 12.549019607843137, 705.0, 84,
24.705882352941178, 0, 12.549019607843137, 698.0, 84,
25.098039215686274, 0, 12.549019607843137, 703.5, 84,
25.098039215686274, 0, 12.549019607843137, 692.5, 84,
25.49019607843137, 0, 12.549019607843137, 698.0, 84,
25.098039215686274, 0, 12.549019607843137, 699.5, 84,
25.098039215686274, 0, 12.549019607843137, 687.5, 84,
25.49019607843137, 0, 12.549019607843137, 705.0, 84,
25.49019607843137, 0, 12.549019607843137, 692.5, 84,
25.098039215686274, 0, 12.549019607843137, 696.0, 84,
25.098039215686274, 0, 12.549019607843137, 696.5, 84,
25.49019607843137, 0, 12.549019607843137, 694.5, 84,
25.49019607843137, 0, 12.549019607843137, 704.5, 84,
25.49019607843137, 0, 12.549019607843137, 696.5, 84,
25.098039215686274, 0, 12.549019607843137, 702.5, 84,
25.49019607843137, 0, 12.549019607843137, 699.0, 84,
25.49019607843137, 0, 12.941176470588236, 707.5, 84,
25.49019607843137, 0, 12.549019607843137, 699.0, 84,
25.098039215686274, 0, 12.549019607843137, 693.5, 84,
25.49019607843137, 0, 12.549019607843137, 692.5, 84,
25.49019607843137, 0, 12.941176470588236, 703.5, 84,
25.49019607843137, 0, 12.549019607843137, 703.5, 84,
25.098039215686274, 0, 12.549019607843137, 698.5, 84,
25.49019607843137, 0, 12.941176470588236, 697.5, 84,
25.49019607843137, 0, 12.549019607843137, 694.5, 84,
25.49019607843137, 0, 12.549019607843137, 704.5, 84,
25.098039215686274, 0, 12.549019607843137, 697.0, 84,
25.49019607843137, 0, 12.549019607843137, 700.5, 84,
25.49019607843137, 0, 12.549019607843137, 699.0, 84,
25.49019607843137, 0, 12.549019607843137, 698.0, 84,
25.49019607843137, 0, 12.549019607843137, 698.5, 84,
25.098039215686274, 0, 12.941176470588236, 694.5, 84,
25.49019607843137, 0, 12.549019607843137, 701.5, 84,
25.49019607843137, 0, 12.549019607843137, 700.0, 84,
25.098039215686274, 0, 12.549019607843137, 701.5, 84,
25.49019607843137, 0, 12.941176470588236, 693.5, 84,
25.49019607843137, 0, 12.549019607843137, 704.5, 84,
24.705882352941178, 0, 12.941176470588236, 701.5, 84,
25.49019607843137, 0, 12.941176470588236, 704.0, 84,
25.49019607843137, 0, 12.549019607843137, 702.0, 84,
25.49019607843137, 0, 12.549019607843137, 700.5, 84,
25.49019607843137, 0, 12.549019607843137, 701.0, 84,
25.098039215686274, 0, 12.549019607843137, 698.0, 84,
25.49019607843137, 0, 12.941176470588236, 693.0, 84,
25.49019607843137, 0, 12.549019607843137, 696.5, 84,
25.49019607843137, 0, 12.549019607843137, 702.0, 84,
25.49019607843137, 0, 12.549019607843137, 702.0, 84,
25.49019607843137, 0, 12.549019607843137, 696.0, 84,
25.49019607843137, 0, 12.941176470588236, 697.5, 84,
25.49019607843137, 0, 12.549019607843137, 705.5, 84,
25.49019607843137, 0, 12.549019607843137, 699.0, 84,
25.098039215686274, 0, 12.941176470588236, 699.0, 84,
25.49019607843137, 0, 12.941176470588236, 696.5, 84,
25.49019607843137, 0, 12.549019607843137, 702.0, 84,
25.49019607843137, 0, 12.549019607843137, 699.5, 84,
25.49019607843137, 0, 12.549019607843137, 698.5, 84,
25.49019607843137, 0, 12.941176470588236, 700.5, 84,
25.49019607843137, 0, 12.549019607843137, 700.0, 84,
25.49019607843137, 0, 12.549019607843137, 702.0, 84,
25.49019607843137, 0, 12.549019607843137, 696.5, 84,
25.49019607843137, 0, 12.549019607843137, 699.5, 84,
25.49019607843137, 0, 12.549019607843137, 704.5, 84,
25.49019607843137, 0, 12.549019607843137, 700.0, 84,
25.49019607843137, 0, 12.549019607843137, 702.0, 84,
25.49019607843137, 0, 12.549019607843137, 695.0, 84,
25.49019607843137, 0, 12.941176470588236, 692.0, 84,
27.058823529411764, 0, 12.549019607843137, 703.5, 84,
25.88235294117647, 0, 12.941176470588236, 701.0, 84,
26.274509803921568, 0, 12.941176470588236, 704.5, 84,
25.88235294117647, 0, 12.549019607843137, 695.0, 84,
29.41176470588235, 0, 13.72549019607843, 738.0, 84,
32.15686274509804, 0, 13.72549019607843, 674.5, 84,
38.431372549019606, 2, 15.686274509803921, 514.0, 84,
56.07843137254902, 3, 16.07843137254902, 1260.0, 84,
38.03921568627451, 5, 15.686274509803921, 1223.5, 84,
27.84313725490196, 6, 14.117647058823529, 1036.5, 84,
27.058823529411764, 6, 14.117647058823529, 921.5, 84,
29.019607843137255, 5, 14.117647058823529, 894.5, 84,
29.019607843137255, 5, 13.72549019607843, 885.5, 84,
27.84313725490196, 4, 13.333333333333334, 868.0, 84,
27.058823529411764, 3, 13.333333333333334, 852.0, 84,
25.88235294117647, 2, 13.333333333333334, 847.0, 84,
25.88235294117647, 0, 13.333333333333334, 857.0, 84,
25.88235294117647, 0, 12.549019607843137, 775.0, 84,
24.705882352941178, 0, 12.549019607843137, 737.5, 84,
25.098039215686274, 0, 12.941176470588236, 719.0, 84,
26.666666666666668, 0, 12.941176470588236, 717.5, 84,
26.666666666666668, 0, 13.333333333333334, 712.5, 84,
26.666666666666668, 0, 12.941176470588236, 710.0, 84,
27.058823529411764, 0, 12.549019607843137, 708.0, 84,
27.45098039215686, 0, 12.549019607843137, 711.0, 84,
26.666666666666668, 0, 12.941176470588236, 694.0, 84,
26.666666666666668, 0, 12.941176470588236, 700.5, 84,
27.058823529411764, 0, 12.941176470588236, 707.5, 84,
26.666666666666668, 0, 12.941176470588236, 702.0, 84,
26.666666666666668, 0, 12.941176470588236, 699.5, 84,
26.666666666666668, 0, 12.941176470588236, 701.5, 84,
26.666666666666668, 0, 12.941176470588236, 704.0, 84,
25.88235294117647, 0, 13.333333333333334, 690.0, 84,
26.666666666666668, 0, 12.549019607843137, 715.0, 84,
25.88235294117647, 0, 12.549019607843137, 724.0, 84,
25.49019607843137, 0, 12.549019607843137, 740.5, 84,
24.313725490196077, 0, 12.941176470588236, 741.0, 84,
25.098039215686274, 0, 12.549019607843137, 742.0, 84,
25.49019607843137, 0, 12.549019607843137, 744.5, 84,
24.705882352941178, 0, 12.549019607843137, 747.0, 84,
24.705882352941178, 0, 12.941176470588236, 749.5, 84,
23.529411764705884, 0, 12.941176470588236, 743.5, 84,
24.705882352941178, 0, 12.549019607843137, 748.0, 84,
24.313725490196077, 0, 12.941176470588236, 752.0, 84,
23.92156862745098, 0, 12.941176470588236, 751.5, 84,
24.705882352941178, 0, 12.549019607843137, 742.5, 84,
25.098039215686274, 0, 12.549019607843137, 741.5, 84,
24.313725490196077, 0, 12.941176470588236, 744.5, 84,
25.098039215686274, 0, 12.549019607843137, 753.0, 84,
24.705882352941178, 0, 12.941176470588236, 751.0, 84,
24.705882352941178, 0, 12.941176470588236, 744.5, 84,
25.098039215686274, 0, 12.941176470588236, 747.5, 84,
24.313725490196077, 0, 13.333333333333334, 745.5, 84,
25.49019607843137, 0, 12.549019607843137, 747.0, 84,
25.098039215686274, 0, 12.549019607843137, 753.0, 84,
24.313725490196077, 0, 12.941176470588236, 748.0, 84,
24.705882352941178, 0, 12.941176470588236, 746.0, 84,
24.313725490196077, 0, 12.941176470588236, 744.5, 84,
25.49019607843137, 0, 12.941176470588236, 754.0, 84,
25.098039215686274, 0, 12.549019607843137, 748.0, 84,
24.705882352941178, 0, 12.941176470588236, 750.0, 84,
24.705882352941178, 0, 12.941176470588236, 747.0, 84,
25.49019607843137, 0, 12.549019607843137, 746.0, 84,
24.705882352941178, 0, 12.941176470588236, 750.5, 84,
24.705882352941178, 0, 12.941176470588236, 750.0, 84,
24.705882352941178, 0, 12.941176470588236, 744.5, 84,
25.098039215686274, 0, 12.941176470588236, 740.0, 84,
24.705882352941178, 0, 12.941176470588236, 751.0, 84,
25.49019607843137, 0, 12.941176470588236, 755.5, 84,
24.705882352941178, 0, 12.941176470588236, 751.0, 84,
24.705882352941178, 0, 12.941176470588236, 750.0, 84,
25.49019607843137, 0, 12.941176470588236, 751.0, 84,
25.49019607843137, 0, 12.549019607843137, 755.0, 84,
24.705882352941178, 0, 13.333333333333334, 753.5, 84,
24.705882352941178, 0, 12.941176470588236, 755.5, 84,
25.098039215686274, 0, 12.941176470588236, 753.0, 84,
25.098039215686274, 0, 12.941176470588236, 753.5, 84,
24.705882352941178, 0, 12.941176470588236, 749.5, 84,
24.705882352941178, 0, 12.941176470588236, 746.5, 84,
24.313725490196077, 0, 12.941176470588236, 741.0, 84,
25.098039215686274, 0, 12.549019607843137, 749.5, 84,
24.705882352941178, 0, 12.549019607843137, 750.5, 84,
24.313725490196077, 0, 12.941176470588236, 746.5, 84,
25.49019607843137, 0, 12.549019607843137, 750.5, 84,
25.49019607843137, 0, 12.549019607843137, 758.5, 84,
24.705882352941178, 0, 12.941176470588236, 750.0, 84,
25.49019607843137, 0, 12.549019607843137, 747.0, 84,
25.098039215686274, 0, 12.941176470588236, 753.5, 84,
24.705882352941178, 0, 12.941176470588236, 748.0, 84,
25.098039215686274, 0, 12.941176470588236, 750.0, 84,
25.49019607843137, 0, 12.549019607843137, 744.0, 84,
24.313725490196077, 0, 12.941176470588236, 745.5, 84,
25.098039215686274, 0, 12.941176470588236, 749.0, 84,
25.49019607843137, 0, 12.941176470588236, 759.0, 84,
25.098039215686274, 0, 12.941176470588236, 751.0, 84,
25.098039215686274, 0, 12.941176470588236, 752.0, 84,
25.098039215686274, 0, 12.941176470588236, 747.0, 84,
25.098039215686274, 0, 12.941176470588236, 749.5, 84,
25.098039215686274, 0, 12.941176470588236, 748.5, 84,
24.705882352941178, 0, 12.941176470588236, 755.0, 84,
24.313725490196077, 0, 12.941176470588236, 741.0, 84,
25.49019607843137, 0, 12.549019607843137, 747.5, 84,
24.705882352941178, 0, 12.941176470588236, 746.5, 84,
24.313725490196077, 0, 12.941176470588236, 744.5, 84,
24.705882352941178, 0, 12.941176470588236, 749.0, 84,
25.098039215686274, 0, 12.941176470588236, 755.0, 84,
25.098039215686274, 0, 12.549019607843137, 749.0, 84,
24.705882352941178, 0, 12.941176470588236, 751.5, 84,
25.098039215686274, 0, 12.941176470588236, 747.5, 84,
25.098039215686274, 0, 12.941176470588236, 752.0, 84,
25.098039215686274, 0, 12.941176470588236, 748.5, 84,
24.705882352941178, 0, 12.941176470588236, 747.0, 84,
25.098039215686274, 0, 12.941176470588236, 751.5, 84,
25.098039215686274, 0, 12.549019607843137, 747.0, 84,
24.705882352941178, 0, 12.941176470588236, 745.0, 84,
24.705882352941178, 0, 12.941176470588236, 742.5, 84,
25.098039215686274, 0, 12.941176470588236, 750.5, 84,
25.098039215686274, 0, 12.941176470588236, 755.0, 84,
24.705882352941178, 0, 12.941176470588236, 753.5, 84,
25.098039215686274, 0, 12.549019607843137, 747.5, 84,
24.705882352941178, 0, 12.941176470588236, 745.0, 84,
25.098039215686274, 0, 12.549019607843137, 743.0, 84,
25.098039215686274, 0, 12.941176470588236, 752.0, 84,
24.705882352941178, 0, 12.941176470588236, 750.5, 84,
25.098039215686274, 0, 12.941176470588236, 760.0, 84,
24.705882352941178, 0, 12.941176470588236, 748.5, 84,
24.705882352941178, 0, 12.941176470588236, 744.5, 84,
25.88235294117647, 0, 12.941176470588236, 761.5, 84,
24.705882352941178, 0, 12.941176470588236, 750.5, 84,
23.92156862745098, 0, 12.941176470588236, 741.5, 84,
25.49019607843137, 0, 12.549019607843137, 750.5, 84,
25.098039215686274, 0, 12.941176470588236, 750.5, 84,
24.705882352941178, 0, 12.941176470588236, 747.5, 84,
25.49019607843137, 0, 12.549019607843137, 746.5, 84,
24.313725490196077, 0, 12.941176470588236, 744.0, 84,
24.705882352941178, 0, 12.941176470588236, 750.5, 84,
25.49019607843137, 0, 12.549019607843137, 748.0, 84,
25.098039215686274, 0, 12.941176470588236, 754.5, 84,
24.313725490196077, 0, 13.333333333333334, 741.5, 84,
25.49019607843137, 0, 12.549019607843137, 750.5, 84,
25.49019607843137, 0, 12.941176470588236, 751.5, 84,
24.705882352941178, 0, 12.941176470588236, 749.5, 84,
25.098039215686274, 0, 12.941176470588236, 746.0, 84,
25.098039215686274, 0, 12.941176470588236, 753.5, 84,
25.098039215686274, 0, 12.941176470588236, 748.5, 84,
25.098039215686274, 0, 12.941176470588236, 752.5, 84,
24.705882352941178, 0, 12.941176470588236, 749.0, 84,
25.49019607843137, 0, 12.941176470588236, 750.5, 84,
24.705882352941178, 0, 12.941176470588236, 748.0, 84,
25.098039215686274, 0, 12.941176470588236, 746.5, 84,
25.098039215686274, 0, 12.549019607843137, 751.0, 84,
24.313725490196077, 0, 12.941176470588236, 737.0, 84,
24.705882352941178, 0, 12.941176470588236, 739.5, 84,
25.88235294117647, 0, 12.549019607843137, 754.0, 84,
24.313725490196077, 0, 12.941176470588236, 754.0, 84,
24.705882352941178, 0, 12.941176470588236, 747.5, 84,
25.49019607843137, 0, 12.941176470588236, 749.5, 84,
24.705882352941178, 0, 12.941176470588236, 749.5, 84,
24.705882352941178, 0, 12.941176470588236, 742.0, 84,
25.49019607843137, 0, 12.941176470588236, 747.5, 84,
25.098039215686274, 0, 12.941176470588236, 754.0, 84,
24.313725490196077, 0, 12.941176470588236, 749.5, 84,
25.098039215686274, 0, 12.941176470588236, 740.0, 84,
25.49019607843137, 0, 12.549019607843137, 751.5, 84,
24.705882352941178, 0, 12.941176470588236, 749.0, 84,
25.098039215686274, 0, 12.549019607843137, 749.0, 84,
25.098039215686274, 0, 12.941176470588236, 761.0, 84,
24.705882352941178, 0, 12.941176470588236, 749.5, 84,
25.098039215686274, 0, 12.549019607843137, 744.5, 84,
25.098039215686274, 0, 12.941176470588236, 757.5, 84,
24.705882352941178, 0, 12.941176470588236, 750.5, 84,
25.49019607843137, 0, 12.941176470588236, 750.5, 84,
24.705882352941178, 0, 12.941176470588236, 756.0, 84,
25.098039215686274, 0, 12.549019607843137, 745.5, 84,
25.098039215686274, 0, 12.941176470588236, 745.5, 84,
24.705882352941178, 0, 12.941176470588236, 752.5, 84,
25.098039215686274, 0, 12.549019607843137, 752.0, 84,
25.098039215686274, 0, 12.941176470588236, 749.0, 84,
24.705882352941178, 0, 12.941176470588236, 749.0, 84,
25.098039215686274, 0, 12.549019607843137, 748.5, 84,
24.705882352941178, 0, 12.941176470588236, 748.5, 84,
24.705882352941178, 0, 12.941176470588236, 754.0, 84,
24.705882352941178, 0, 12.941176470588236, 741.5, 84,
25.49019607843137, 0, 12.549019607843137, 750.5, 84,
24.705882352941178, 0, 12.941176470588236, 751.5, 84,
24.705882352941178, 0, 12.941176470588236, 747.0, 84,
24.705882352941178, 0, 12.941176470588236, 748.0, 84,
24.705882352941178, 0, 12.941176470588236, 750.0, 84,
24.705882352941178, 0, 12.941176470588236, 753.0, 84,
25.49019607843137, 0, 12.941176470588236, 748.5, 84,
25.098039215686274, 0, 12.549019607843137, 741.5, 84,
24.313725490196077, 0, 13.333333333333334, 738.0, 84,
25.88235294117647, 0, 12.549019607843137, 746.0, 84,
24.705882352941178, 0, 12.941176470588236, 751.5, 84,
24.705882352941178, 0, 12.549019607843137, 744.5, 84,
24.705882352941178, 0, 12.941176470588236, 749.5, 84,
24.705882352941178, 0, 12.941176470588236, 749.5, 84,
24.705882352941178, 0, 12.941176470588236, 742.5, 84,
25.098039215686274, 0, 12.941176470588236, 748.0, 84,
25.098039215686274, 0, 12.549019607843137, 743.5, 84,
24.705882352941178, 0, 12.941176470588236, 742.5, 84,
24.705882352941178, 0, 12.941176470588236, 751.0, 84,
25.098039215686274, 0, 12.941176470588236, 749.5, 84,
25.098039215686274, 0, 12.941176470588236, 748.5, 84,
25.098039215686274, 0, 12.941176470588236, 753.0, 84,
24.705882352941178, 0, 12.941176470588236, 751.0, 84,
25.098039215686274, 0, 12.941176470588236, 744.5, 84,
25.098039215686274, 0, 12.941176470588236, 747.5, 84,
24.705882352941178, 0, 12.941176470588236, 746.5, 84,
25.098039215686274, 0, 12.941176470588236, 753.5, 84,
25.098039215686274, 0, 12.549019607843137, 753.0, 84,
25.49019607843137, 0, 12.549019607843137, 755.0, 84,
25.098039215686274, 0, 13.333333333333334, 759.5, 84,
24.705882352941178, 0, 12.941176470588236, 745.5, 84,
24.705882352941178, 0, 12.941176470588236, 747.5, 84,
24.705882352941178, 0, 12.941176470588236, 753.0, 84,
25.098039215686274, 0, 12.941176470588236, 755.0, 84,
25.098039215686274, 0, 12.941176470588236, 744.5, 84,
25.098039215686274, 0, 12.941176470588236, 749.0, 84,
24.705882352941178, 0, 12.941176470588236, 744.0, 84,
25.49019607843137, 0, 12.549019607843137, 742.0, 84,
25.098039215686274, 0, 12.549019607843137, 757.0, 84,
24.705882352941178, 0, 12.941176470588236, 749.5, 84,
25.098039215686274, 0, 12.941176470588236, 744.0, 84,
25.098039215686274, 0, 12.941176470588236, 753.5, 84,
24.705882352941178, 0, 12.941176470588236, 749.0, 84,
25.098039215686274, 0, 12.941176470588236, 753.5, 84,
25.098039215686274, 0, 12.941176470588236, 755.5, 84,
24.705882352941178, 0, 13.333333333333334, 749.5, 84,
25.098039215686274, 0, 12.941176470588236, 750.0, 84,
25.49019607843137, 0, 12.549019607843137, 752.5, 84,
25.49019607843137, 0, 12.941176470588236, 748.0, 84,
25.098039215686274, 0, 12.941176470588236, 751.0, 84,
25.098039215686274, 0, 12.941176470588236, 750.5, 84,
25.098039215686274, 0, 12.549019607843137, 753.5, 84,
25.098039215686274, 0, 12.549019607843137, 757.5, 84,
24.313725490196077, 0, 12.941176470588236, 742.0, 84,
25.49019607843137, 0, 12.549019607843137, 753.0, 84,
24.705882352941178, 0, 12.941176470588236, 754.5, 84,
24.705882352941178, 0, 12.941176470588236, 739.0, 84,
25.49019607843137, 0, 12.941176470588236, 751.0, 84,
25.098039215686274, 0, 12.941176470588236, 755.5, 84,
24.313725490196077, 0, 12.941176470588236, 740.0, 84,
25.49019607843137, 0, 12.941176470588236, 750.0, 84,
25.098039215686274, 0, 12.941176470588236, 754.5, 84,
24.705882352941178, 0, 12.941176470588236, 751.5, 84,
25.098039215686274, 0, 12.941176470588236, 742.0, 84,
25.098039215686274, 0, 12.549019607843137, 755.0, 84,
24.313725490196077, 0, 12.549019607843137, 745.0, 84,
24.705882352941178, 0, 12.941176470588236, 748.5, 84,
25.098039215686274, 0, 12.941176470588236, 745.0, 84,
25.49019607843137, 0, 12.941176470588236, 749.0, 84,
25.49019607843137, 0, 12.549019607843137, 747.0, 84,
25.098039215686274, 0, 12.941176470588236, 750.5, 84,
24.705882352941178, 0, 12.941176470588236, 745.0, 84,
25.49019607843137, 0, 12.941176470588236, 751.5, 84,
24.313725490196077, 0, 12.941176470588236, 748.5, 84,
25.49019607843137, 0, 12.549019607843137, 746.0, 84,
25.098039215686274, 0, 12.549019607843137, 748.5, 84,
23.92156862745098, 0, 12.941176470588236, 758.0, 84,
24.705882352941178, 0, 12.941176470588236, 746.5, 84,
25.49019607843137, 0, 12.549019607843137, 749.5, 84,
25.098039215686274, 0, 12.941176470588236, 748.0, 84,
24.705882352941178, 0, 12.941176470588236, 743.0, 84,
25.098039215686274, 0, 12.549019607843137, 746.0, 84,
25.098039215686274, 0, 12.941176470588236, 747.0, 84,
25.098039215686274, 0, 12.941176470588236, 757.0, 84,
25.49019607843137, 0, 12.549019607843137, 749.5, 84,
25.098039215686274, 0, 12.941176470588236, 753.5, 84,
25.098039215686274, 0, 12.941176470588236, 759.0, 84,
25.098039215686274, 0, 12.941176470588236, 753.0, 84,
24.705882352941178, 0, 12.941176470588236, 748.0, 84,
24.705882352941178, 0, 12.941176470588236, 743.0, 84,
24.705882352941178, 0, 12.941176470588236, 750.0, 84,
24.705882352941178, 0, 12.941176470588236, 754.0, 84,
24.705882352941178, 0, 12.941176470588236, 750.5, 84,
24.705882352941178, 0, 12.941176470588236, 744.5, 84,
25.49019607843137, 0, 12.941176470588236, 759.5, 84,
24.313725490196077, 0, 12.941176470588236, 755.5, 84,
23.92156862745098, 0, 13.333333333333334, 750.5, 84,
24.705882352941178, 0, 12.941176470588236, 753.5, 84,
25.098039215686274, 0, 12.549019607843137, 749.5, 84,
24.313725490196077, 0, 12.941176470588236, 750.5, 84,
24.705882352941178, 0, 12.549019607843137, 740.5, 84,
25.49019607843137, 0, 12.941176470588236, 755.0, 84,
24.313725490196077, 0, 12.941176470588236, 751.5, 84,
25.098039215686274, 0, 12.549019607843137, 746.5, 84,
25.49019607843137, 0, 12.549019607843137, 753.5, 84,
24.313725490196077, 0, 12.941176470588236, 749.5, 84,
25.49019607843137, 0, 12.941176470588236, 752.5, 84,
25.098039215686274, 0, 12.549019607843137, 751.5, 84,
24.313725490196077, 0, 12.941176470588236, 742.0, 84,
24.705882352941178, 0, 13.333333333333334, 746.5, 84,
25.88235294117647, 0, 12.549019607843137, 762.0, 84,
24.705882352941178, 0, 13.333333333333334, 747.5, 84,
25.098039215686274, 0, 12.549019607843137, 742.5, 84,
24.705882352941178, 0, 12.941176470588236, 750.5, 84,
24.705882352941178, 0, 12.941176470588236, 748.5, 84,
25.098039215686274, 0, 12.941176470588236, 744.5, 84,
24.705882352941178, 0, 12.941176470588236, 755.5, 84,
24.705882352941178, 0, 12.941176470588236, 747.0, 84,
25.49019607843137, 0, 12.549019607843137, 750.0, 84,
24.705882352941178, 0, 12.941176470588236, 749.0, 84,
24.705882352941178, 0, 12.941176470588236, 747.0, 84,
25.49019607843137, 0, 12.941176470588236, 754.0, 84,
25.098039215686274, 0, 12.941176470588236, 753.0, 84,
24.705882352941178, 0, 12.941176470588236, 746.0, 84,
25.88235294117647, 0, 12.549019607843137, 751.5, 84,
25.49019607843137, 0, 12.941176470588236, 754.5, 84,
25.098039215686274, 0, 12.941176470588236, 744.5, 84,
25.88235294117647, 0, 12.549019607843137, 748.5, 84,
25.88235294117647, 0, 12.941176470588236, 758.0, 84,
25.098039215686274, 0, 12.941176470588236, 747.5, 84,
25.098039215686274, 0, 12.941176470588236, 750.0, 84,
25.49019607843137, 0, 12.941176470588236, 748.5, 84,
24.705882352941178, 0, 12.941176470588236, 740.5, 84,
24.705882352941178, 0, 12.941176470588236, 746.0, 84,
25.88235294117647, 0, 12.549019607843137, 752.0, 24.705882352941178, 0, 12.941176470588236, 745.0, 84,
25.49019607843137, 0, 12.549019607843137, 749.0, 84,
24.705882352941178, 0, 12.941176470588236, 746.5, 84,
25.49019607843137, 0, 12.549019607843137, 746.5, 84,
25.88235294117647, 0, 12.941176470588236, 754.0, 84,
25.49019607843137, 0, 12.549019607843137, 754.0, 84,
24.705882352941178, 0, 13.333333333333334, 751.0, 84,
25.49019607843137, 0, 12.549019607843137, 746.0, 84,
25.49019607843137, 0, 12.941176470588236, 750.0, 84,
24.705882352941178, 0, 12.941176470588236, 752.5, 84,
24.705882352941178, 0, 12.941176470588236, 743.5, 84,
25.49019607843137, 0, 12.941176470588236, 748.5, 84,
25.098039215686274, 0, 12.941176470588236, 758.5, 84,
25.098039215686274, 0, 12.941176470588236, 748.5, 84,
25.098039215686274, 0, 12.941176470588236, 744.0, 84,
25.098039215686274, 0, 12.941176470588236, 750.5, 84,
24.705882352941178, 0, 12.941176470588236, 747.5, 84,
25.49019607843137, 0, 12.549019607843137, 745.0, 84,
25.88235294117647, 0, 12.549019607843137, 750.5, 84,
24.705882352941178, 0, 12.941176470588236, 752.0, 84,
25.49019607843137, 0, 12.549019607843137, 746.5, 84,
25.098039215686274, 0, 12.941176470588236, 752.5, 84,
25.098039215686274, 0, 12.941176470588236, 754.5, 84,
25.098039215686274, 0, 12.549019607843137, 746.0, 84,
26.274509803921568, 0, 12.941176470588236, 757.5, 84,
25.49019607843137, 0, 12.941176470588236, 759.0, 84,
24.705882352941178, 0, 12.941176470588236, 747.5, 84,
25.49019607843137, 0, 12.549019607843137, 741.5, 84,
25.49019607843137, 0, 12.941176470588236, 749.0, 84,
24.705882352941178, 0, 12.941176470588236, 749.0, 84,
25.49019607843137, 0, 12.941176470588236, 748.5, 84,
24.705882352941178, 0, 13.333333333333334, 752.0, 84,
25.098039215686274, 0, 13.333333333333334, 757.0, 84,
25.098039215686274, 0, 12.549019607843137, 739.5, 84,
25.88235294117647, 0, 12.549019607843137, 747.0, 84,
24.705882352941178, 0, 13.333333333333334, 752.0, 84,
25.098039215686274, 0, 12.941176470588236, 744.0, 84,
25.49019607843137, 0, 12.941176470588236, 757.0, 84,
24.705882352941178, 0, 13.333333333333334, 753.0, 84,
25.49019607843137, 0, 12.941176470588236, 747.0, 84,
25.49019607843137, 0, 12.941176470588236, 755.0, 84,
24.705882352941178, 0, 12.941176470588236, 744.5, 84,
25.49019607843137, 0, 12.549019607843137, 743.5, 84,
25.098039215686274, 0, 12.941176470588236, 749.0, 84,
24.313725490196077, 0, 12.941176470588236, 746.5, 84,
25.49019607843137, 0, 12.549019607843137, 741.5, 84,
25.88235294117647, 0, 12.549019607843137, 752.5, 84,
24.313725490196077, 0, 13.333333333333334, 758.5, 84,
24.705882352941178, 0, 12.941176470588236, 744.5, 84,
25.49019607843137, 0, 12.549019607843137, 747.0, 84,
24.313725490196077, 0, 12.941176470588236, 749.0, 84,
24.313725490196077, 0, 12.941176470588236, 747.0, 84,
24.705882352941178, 0, 12.941176470588236, 750.0, 84,
25.88235294117647, 0, 12.549019607843137, 761.5, 84,
24.705882352941178, 0, 12.941176470588236, 748.5, 84,
25.49019607843137, 0, 12.549019607843137, 744.5, 84,
24.705882352941178, 0, 12.941176470588236, 740.5, 84,
25.098039215686274, 0, 12.941176470588236, 748.5, 84,
24.705882352941178, 0, 12.941176470588236, 751.0, 84,
25.098039215686274, 0, 12.941176470588236, 749.0, 84,
25.098039215686274, 0, 12.941176470588236, 759.0, 84,
25.49019607843137, 0, 12.941176470588236, 754.0, 84,
25.098039215686274, 0, 12.941176470588236, 751.0, 84,
24.705882352941178, 0, 12.941176470588236, 745.0, 84,
25.098039215686274, 0, 12.549019607843137, 748.5, 84,
24.705882352941178, 0, 12.941176470588236, 751.0, 84,
25.098039215686274, 0, 12.549019607843137, 750.0, 84,
25.88235294117647, 0, 12.549019607843137, 749.5, 84,
25.098039215686274, 0, 12.941176470588236, 753.5, 84,
25.098039215686274, 0, 13.333333333333334, 754.0, 84,
25.49019607843137, 0, 12.941176470588236, 749.0, 84,
25.098039215686274, 0, 12.941176470588236, 747.0, 84,
24.705882352941178, 0, 12.941176470588236, 749.0, 84,
25.098039215686274, 0, 12.549019607843137, 749.5, 84,
25.098039215686274, 0, 12.941176470588236, 755.0, 84,
25.49019607843137, 0, 12.549019607843137, 749.0, 84,
25.098039215686274, 0, 12.549019607843137, 745.5, 84,
24.313725490196077, 0, 12.941176470588236, 747.5, 84,
24.705882352941178, 0, 13.333333333333334, 750.0, 84,
24.705882352941178, 0, 12.941176470588236, 746.5, 84,
25.098039215686274, 0, 12.941176470588236, 746.5, 84,
24.705882352941178, 0, 12.941176470588236, 749.5, 84,
25.49019607843137, 0, 12.941176470588236, 753.5, 84,
25.098039215686274, 0, 12.941176470588236, 752.5, 84,
24.705882352941178, 0, 12.941176470588236, 742.0, 84,
25.49019607843137, 0, 12.941176470588236, 749.0, 84,
24.705882352941178, 0, 12.941176470588236, 753.5, 84,
25.098039215686274, 0, 12.941176470588236, 744.5, 84,
25.098039215686274, 0, 12.941176470588236, 752.0, 84,
25.098039215686274, 0, 12.549019607843137, 751.0, 84,
24.313725490196077, 0, 12.941176470588236, 748.5, 84,
25.49019607843137, 0, 12.549019607843137, 751.0, 84,
25.49019607843137, 0, 12.549019607843137, 751.0, 84,
24.705882352941178, 0, 12.941176470588236, 752.5, 84,
25.49019607843137, 0, 12.549019607843137, 744.0, 84,
25.49019607843137, 0, 12.549019607843137, 752.0, 84,
24.313725490196077, 0, 12.941176470588236, 751.5, 84,
25.098039215686274, 0, 12.941176470588236, 743.5, 84,
25.49019607843137, 0, 12.549019607843137, 751.5, 84,
24.705882352941178, 0, 12.941176470588236, 758.0, 84,
24.705882352941178, 0, 12.549019607843137, 746.5, 84,
25.49019607843137, 0, 12.549019607843137, 750.0, 84,
24.313725490196077, 0, 12.941176470588236, 753.5, 84,
24.705882352941178, 0, 12.941176470588236, 742.5, 84,
25.49019607843137, 0, 12.941176470588236, 750.0, 84,
25.098039215686274, 0, 12.941176470588236, 743.0, 84,
24.705882352941178, 0, 12.941176470588236, 746.0, 84,
25.098039215686274, 0, 12.549019607843137, 748.5, 84,
24.705882352941178, 0, 12.941176470588236, 750.0, 84,
24.705882352941178, 0, 12.941176470588236, 748.5, 84,
24.705882352941178, 0, 12.941176470588236, 748.0, 84,
25.49019607843137, 0, 12.941176470588236, 758.5, 84,
24.705882352941178, 0, 12.549019607843137, 752.0, 84,
24.313725490196077, 0, 12.941176470588236, 744.0, 84,
25.49019607843137, 0, 12.549019607843137, 743.5, 84,
24.705882352941178, 0, 12.941176470588236, 752.5, 84,
25.49019607843137, 0, 12.941176470588236, 748.0, 84,
25.49019607843137, 0, 12.941176470588236, 754.5, 84,
24.705882352941178, 0, 12.941176470588236, 748.0, 84,
25.098039215686274, 0, 12.941176470588236, 750.5, 84,
25.098039215686274, 0, 12.941176470588236, 754.0, 84,
25.098039215686274, 0, 12.549019607843137, 747.5, 84,
24.313725490196077, 0, 12.941176470588236, 750.0, 84,
25.098039215686274, 0, 12.941176470588236, 746.0, 84,
25.098039215686274, 0, 12.941176470588236, 749.5, 84,
25.098039215686274, 0, 12.941176470588236, 745.0, 84,
25.098039215686274, 0, 12.941176470588236, 750.0, 84,
24.705882352941178, 0, 12.941176470588236, 748.0, 84,
24.705882352941178, 0, 12.941176470588236, 745.5, 84,
25.098039215686274, 0, 12.941176470588236, 742.0, 84,
24.705882352941178, 0, 12.941176470588236, 754.5, 84,
24.705882352941178, 0, 12.941176470588236, 752.5, 84,
25.49019607843137, 0, 12.941176470588236, 752.0, 84,
25.098039215686274, 0, 12.941176470588236, 751.5, 84,
24.313725490196077, 0, 12.941176470588236, 742.5, 84,
25.098039215686274, 0, 12.941176470588236, 743.5, 84,
25.49019607843137, 0, 12.941176470588236, 748.5, 84,
24.313725490196077, 0, 12.941176470588236, 756.5, 84,
25.098039215686274, 0, 12.941176470588236, 755.5, 84,
25.098039215686274, 0, 12.941176470588236, 750.5, 84,
25.098039215686274, 0, 12.549019607843137, 753.0, 84,
24.705882352941178, 0, 12.941176470588236, 750.5, 84,
25.098039215686274, 0, 12.941176470588236, 741.5, 84,
25.098039215686274, 0, 12.941176470588236, 745.5, 84,
25.098039215686274, 0, 12.941176470588236, 751.5, 84,
24.705882352941178, 0, 12.941176470588236, 749.5, 84,
25.49019607843137, 0, 12.941176470588236, 749.5, 84,
25.098039215686274, 0, 12.941176470588236, 761.5, 84,
24.705882352941178, 0, 12.941176470588236, 747.5, 84,
25.49019607843137, 0, 12.941176470588236, 748.0, 84,
25.49019607843137, 0, 12.549019607843137, 748.0, 84,
24.313725490196077, 0, 12.941176470588236, 744.5, 84,
25.098039215686274, 0, 12.941176470588236, 745.5, 84,
25.098039215686274, 0, 12.941176470588236, 750.0, 84,
24.705882352941178, 0, 13.333333333333334, 748.0, 84,
25.88235294117647, 0, 12.549019607843137, 751.0, 84,
25.49019607843137, 0, 12.941176470588236, 749.5, 84,
24.705882352941178, 0, 12.941176470588236, 748.5, 84,
25.49019607843137, 0, 12.941176470588236, 747.5, 84,
25.098039215686274, 0, 12.941176470588236, 750.0, 84,
25.49019607843137, 0, 12.941176470588236, 751.0, 84,
24.313725490196077, 0, 12.941176470588236, 746.5, 84,
25.49019607843137, 0, 12.941176470588236, 742.5, 84,
25.49019607843137, 0, 12.941176470588236, 750.0, 84,
25.098039215686274, 0, 12.549019607843137, 747.5, 84,
25.098039215686274, 0, 12.941176470588236, 753.0, 84,
25.098039215686274, 0, 12.941176470588236, 747.0, 84,
25.098039215686274, 0, 12.941176470588236, 748.0, 84,
24.705882352941178, 0, 12.941176470588236, 750.5, 84,
25.88235294117647, 0, 12.941176470588236, 749.0, 84,
25.49019607843137, 0, 12.941176470588236, 756.0, 84,
24.705882352941178, 0, 12.941176470588236, 752.5, 84,
25.49019607843137, 0, 12.549019607843137, 746.5, 84,
25.49019607843137, 0, 12.941176470588236, 756.0, 84,
24.705882352941178, 0, 12.941176470588236, 750.5, 84,
25.49019607843137, 0, 12.941176470588236, 749.0, 84,
25.49019607843137, 0, 12.941176470588236, 743.5, 84,
24.705882352941178, 0, 12.941176470588236, 751.5, 84,
25.49019607843137, 0, 12.549019607843137, 745.0, 84,
25.88235294117647, 0, 12.549019607843137, 746.5, 84,
24.313725490196077, 0, 12.941176470588236, 745.0, 84,
25.098039215686274, 0, 12.941176470588236, 750.0, 84,
25.49019607843137, 0, 12.549019607843137, 741.0, 84,
25.49019607843137, 0, 12.941176470588236, 740.0, 84,
25.49019607843137, 0, 12.941176470588236, 750.0, 84,
24.705882352941178, 0, 12.941176470588236, 751.0, 84,
25.098039215686274, 0, 12.549019607843137, 749.5, 84,
25.88235294117647, 0, 12.941176470588236, 748.5, 84,
25.49019607843137, 0, 12.549019607843137, 749.5, 84,
24.705882352941178, 0, 12.941176470588236, 748.5, 84,
25.49019607843137, 0, 12.941176470588236, 751.0, 84,
25.098039215686274, 0, 12.941176470588236, 753.0, 84,
25.098039215686274, 0, 12.941176470588236, 749.5, 84,
25.49019607843137, 0, 12.549019607843137, 754.0, 84,
25.49019607843137, 0, 12.941176470588236, 750.0, 84,
25.098039215686274, 0, 12.941176470588236, 745.0, 84,
25.098039215686274, 0, 12.941176470588236, 748.5, 84,
25.098039215686274, 0, 12.941176470588236, 749.5, 84,
24.705882352941178, 0, 12.941176470588236, 752.0, 84,
25.098039215686274, 0, 12.941176470588236, 755.0, 84,
25.098039215686274, 0, 12.941176470588236, 745.5, 84,
24.705882352941178, 0, 12.941176470588236, 746.0, 84,
25.49019607843137, 0, 12.941176470588236, 750.0, 84,
25.098039215686274, 0, 12.941176470588236, 750.5, 84,
25.098039215686274, 0, 12.941176470588236, 741.0, 84,
25.098039215686274, 0, 12.941176470588236, 754.0, 84,
25.098039215686274, 0, 12.941176470588236, 755.5, 84,
25.098039215686274, 0, 12.941176470588236, 742.5, 84,
25.098039215686274, 0, 12.549019607843137, 742.5, 84,
25.098039215686274, 0, 12.941176470588236, 753.5, 84,
25.098039215686274, 0, 12.941176470588236, 751.0, 84,
25.098039215686274, 0, 12.941176470588236, 741.0, 84,
25.098039215686274, 0, 12.941176470588236, 750.0, 84,
25.49019607843137, 0, 12.941176470588236, 751.5, 84,
25.098039215686274, 0, 12.941176470588236, 746.5, 84,
25.098039215686274, 0, 12.941176470588236, 745.5, 84,
25.098039215686274, 0, 12.549019607843137, 749.5, 84,
24.313725490196077, 0, 12.941176470588236, 746.0, 84,
25.49019607843137, 0, 12.549019607843137, 751.5, 84,
25.49019607843137, 0, 12.549019607843137, 760.0, 84,
24.313725490196077, 0, 12.941176470588236, 746.5, 84,
25.098039215686274, 0, 12.941176470588236, 745.5, 84,
25.88235294117647, 0, 12.549019607843137, 744.0, 84,
25.49019607843137, 0, 12.549019607843137, 751.0, 84,
24.313725490196077, 0, 12.941176470588236, 751.5, 84,
24.705882352941178, 0, 12.549019607843137, 723.0, 84,
25.098039215686274, 0, 12.549019607843137, 703.5, 84,
25.098039215686274, 0, 13.333333333333334, 705.5, 84,
25.49019607843137, 0, 12.941176470588236, 698.0, 84,
26.274509803921568, 0, 12.549019607843137, 706.5, 84,
25.88235294117647, 0, 12.549019607843137, 703.5, 84,
25.49019607843137, 0, 12.941176470588236, 698.0, 84,
26.666666666666668, 0, 12.549019607843137, 698.5, 84,
25.88235294117647, 0, 12.941176470588236, 703.0, 84,
25.49019607843137, 0, 12.549019607843137, 700.5, 84,
25.88235294117647, 0, 12.549019607843137, 695.5, 84,
25.88235294117647, 0, 12.941176470588236, 704.0, 84,
25.098039215686274, 0, 12.941176470588236, 698.5, 84,
25.49019607843137, 0, 12.941176470588236, 695.5, 84,
26.274509803921568, 0, 12.549019607843137, 701.0, 84,
25.88235294117647, 0, 12.941176470588236, 696.0, 84,
25.88235294117647, 0, 13.333333333333334, 703.0, 84,
25.88235294117647, 0, 12.549019607843137, 699.0, 84,
26.274509803921568, 0, 12.549019607843137, 705.0, 84,
25.49019607843137, 0, 12.941176470588236, 707.5, 84,
26.666666666666668, 0, 12.549019607843137, 723.0, 84,
26.274509803921568, 0, 12.941176470588236, 737.5, 84,
25.098039215686274, 0, 12.941176470588236, 734.0, 84,
25.49019607843137, 0, 12.941176470588236, 742.5, 84,
25.49019607843137, 0, 12.941176470588236, 737.5, 84,
25.49019607843137, 0, 12.549019607843137, 743.5, 84,
25.098039215686274, 0, 12.941176470588236, 750.5, 84,
24.705882352941178, 0, 13.333333333333334, 748.5, 84,
25.49019607843137, 0, 12.549019607843137, 738.5, 84,
26.274509803921568, 0, 12.549019607843137, 757.5, 84,
25.098039215686274, 0, 12.941176470588236, 750.0, 84,
25.49019607843137, 0, 12.941176470588236, 753.0, 84,
25.49019607843137, 0, 12.941176470588236, 750.0, 84,
25.49019607843137, 0, 12.549019607843137, 743.0, 84,
25.49019607843137, 0, 12.941176470588236, 752.5, 84,
24.705882352941178, 0, 13.333333333333334, 758.5, 84,
25.49019607843137, 0, 12.941176470588236, 748.0, 84,
25.49019607843137, 0, 12.941176470588236, 749.0, 84,
25.49019607843137, 0, 12.941176470588236, 750.0, 84,
25.49019607843137, 0, 12.941176470588236, 753.0, 84,
25.098039215686274, 0, 12.941176470588236, 746.0, 84,
25.098039215686274, 0, 12.941176470588236, 739.0, 84,
25.88235294117647, 0, 12.941176470588236, 756.0, 84,
25.49019607843137, 0, 12.941176470588236, 749.5, 84,
25.49019607843137, 0, 12.941176470588236, 753.0, 84,
25.49019607843137, 0, 12.941176470588236, 753.0, 84,
25.098039215686274, 0, 12.941176470588236, 745.5, 84,
25.88235294117647, 0, 12.941176470588236, 750.5, 84,
24.705882352941178, 0, 13.333333333333334, 743.5, 84,
24.705882352941178, 0, 13.333333333333334, 735.0, 84,
25.49019607843137, 0, 12.941176470588236, 751.5, 84,
25.098039215686274, 0, 12.941176470588236, 752.5, 84,
25.88235294117647, 0, 12.941176470588236, 743.5, 84,
25.098039215686274, 0, 12.941176470588236, 751.0, 84,
25.49019607843137, 0, 12.941176470588236, 750.5, 84,
25.098039215686274, 0, 13.333333333333334, 753.5, 84,
25.098039215686274, 0, 12.941176470588236, 750.0, 84,
25.49019607843137, 0, 12.941176470588236, 745.0, 84,
25.49019607843137, 0, 12.941176470588236, 746.5, 84,
25.098039215686274, 0, 12.941176470588236, 752.5, 84,
25.49019607843137, 0, 12.941176470588236, 752.0, 84,
24.705882352941178, 0, 13.333333333333334, 745.0, 84,
25.098039215686274, 0, 12.941176470588236, 745.0, 84,
25.49019607843137, 0, 12.549019607843137, 753.5, 84,
25.49019607843137, 0, 12.941176470588236, 753.5, 84,
25.49019607843137, 0, 12.941176470588236, 746.0, 84,
25.88235294117647, 0, 12.549019607843137, 754.0, 84,
25.88235294117647, 0, 12.549019607843137, 749.0, 84,
25.098039215686274, 0, 12.941176470588236, 737.0, 84,
25.098039215686274, 0, 12.941176470588236, 750.5, 84,
25.098039215686274, 0, 12.941176470588236, 749.5, 84,
25.098039215686274, 0, 12.941176470588236, 746.0, 84,
25.49019607843137, 0, 12.941176470588236, 752.0, 84,
24.705882352941178, 0, 12.941176470588236, 747.5, 84,
25.49019607843137, 0, 12.549019607843137, 740.0, 84,
25.098039215686274, 0, 12.941176470588236, 754.0, 84,
24.705882352941178, 0, 12.941176470588236, 750.5, 84,
25.49019607843137, 0, 12.941176470588236, 745.0, 84,
25.49019607843137, 0, 12.941176470588236, 755.5, 84,
24.705882352941178, 0, 12.941176470588236, 752.5, 84,
25.49019607843137, 0, 12.941176470588236, 745.5, 84,
25.098039215686274, 0, 12.941176470588236, 746.0, 84,
25.098039215686274, 0, 12.941176470588236, 754.5, 84,
25.098039215686274, 0, 12.941176470588236, 747.0, 84,
25.098039215686274, 0, 12.941176470588236, 745.0, 84,
25.098039215686274, 0, 12.941176470588236, 753.5, 84,
25.098039215686274, 0, 12.941176470588236, 747.0, 84,
25.49019607843137, 0, 12.941176470588236, 741.5, 84,
25.49019607843137, 0, 12.941176470588236, 754.0, 84,
25.098039215686274, 0, 12.941176470588236, 749.0, 84,
25.49019607843137, 0, 12.549019607843137, 748.5, 84,
25.098039215686274, 0, 12.941176470588236, 758.5, 84,
25.098039215686274, 0, 12.941176470588236, 748.5, 84,
25.098039215686274, 0, 12.941176470588236, 744.0, 84,
25.88235294117647, 0, 12.941176470588236, 752.5, 84,
24.313725490196077, 0, 12.941176470588236, 751.0, 84,
25.098039215686274, 0, 13.333333333333334, 748.0, 84,
25.88235294117647, 0, 12.549019607843137, 745.5, 84,
25.098039215686274, 0, 12.941176470588236, 755.0, 84,
24.705882352941178, 0, 12.941176470588236, 753.0, 84,
25.88235294117647, 0, 12.549019607843137, 749.0, 84,
25.098039215686274, 0, 12.941176470588236, 758.5, 84,
25.49019607843137, 0, 12.941176470588236, 745.5, 84,
25.098039215686274, 0, 12.941176470588236, 743.0, 84,
25.098039215686274, 0, 12.941176470588236, 755.0, 84,
25.098039215686274, 0, 12.941176470588236, 750.0, 84,
25.098039215686274, 0, 12.941176470588236, 751.5, 84,
25.49019607843137, 0, 12.941176470588236, 753.5, 84,
25.098039215686274, 0, 12.941176470588236, 751.0, 84,
25.098039215686274, 0, 12.941176470588236, 745.5, 84,
25.49019607843137, 0, 12.941176470588236, 756.0, 84,
25.098039215686274, 0, 12.941176470588236, 751.5, 84,
25.88235294117647, 0, 12.941176470588236, 746.5, 84,
25.49019607843137, 0, 12.941176470588236, 749.5, 84,
25.098039215686274, 0, 12.941176470588236, 750.0, 84,
25.098039215686274, 0, 12.941176470588236, 743.5, 84,
25.88235294117647, 0, 12.941176470588236, 757.0, 84,
24.705882352941178, 0, 13.333333333333334, 751.0, 84,
25.49019607843137, 0, 12.549019607843137, 744.0, 84,
25.49019607843137, 0, 12.941176470588236, 745.5, 84,
25.098039215686274, 0, 12.941176470588236, 746.5, 84,
25.49019607843137, 0, 12.941176470588236, 747.0, 84,
24.705882352941178, 0, 13.333333333333334, 748.0, 84,
25.49019607843137, 0, 12.941176470588236, 758.0, 84,
25.49019607843137, 0, 12.941176470588236, 746.5, 84,
25.098039215686274, 0, 12.941176470588236, 748.0, 84,
25.098039215686274, 0, 12.941176470588236, 748.0, 84,
25.49019607843137, 0, 12.941176470588236, 749.5, 84,
25.49019607843137, 0, 12.941176470588236, 749.0, 84,
25.098039215686274, 0, 12.941176470588236, 745.0, 84,
25.49019607843137, 0, 12.941176470588236, 749.5, 84,
25.098039215686274, 0, 12.941176470588236, 749.5, 84,
25.88235294117647, 0, 12.549019607843137, 746.5, 84,
25.88235294117647, 0, 12.549019607843137, 749.5, 84,
25.49019607843137, 0, 12.941176470588236, 758.5, 84,
25.098039215686274, 0, 12.941176470588236, 751.5, 84,
25.49019607843137, 0, 12.941176470588236, 747.5, 84,
26.274509803921568, 0, 12.549019607843137, 751.5, 84,
24.705882352941178, 0, 13.333333333333334, 746.0, 84,
25.49019607843137, 0, 12.941176470588236, 747.0, 84,
25.49019607843137, 0, 12.941176470588236, 752.5, 84,
24.705882352941178, 0, 12.941176470588236, 743.0, 84,
25.88235294117647, 0, 12.941176470588236, 754.0, 84,
24.705882352941178, 0, 12.941176470588236, 746.0, 84,
25.098039215686274, 0, 12.549019607843137, 741.5, 84,
25.098039215686274, 0, 12.941176470588236, 749.5, 84,
25.098039215686274, 0, 12.549019607843137, 743.5, 84,
25.49019607843137, 0, 12.549019607843137, 758.0, 84,
24.705882352941178, 0, 13.333333333333334, 758.0, 84,
24.705882352941178, 0, 12.941176470588236, 739.5, 84,
25.49019607843137, 0, 12.941176470588236, 742.5, 84,
25.098039215686274, 0, 12.941176470588236, 748.5, 84,
25.49019607843137, 0, 12.941176470588236, 750.0, 84,
25.49019607843137, 0, 12.941176470588236, 743.0, 84,
25.098039215686274, 0, 12.941176470588236, 753.0, 84,
24.705882352941178, 0, 12.941176470588236, 749.0, 84,
25.88235294117647, 0, 12.549019607843137, 749.0, 84,
25.098039215686274, 0, 12.941176470588236, 753.5, 84,
25.49019607843137, 0, 12.941176470588236, 749.5, 84,
25.49019607843137, 0, 12.941176470588236, 748.0, 84,
25.098039215686274, 0, 12.941176470588236, 749.0, 84,
25.88235294117647, 0, 12.549019607843137, 752.5, 84,
24.705882352941178, 0, 12.941176470588236, 749.5, 84,
25.88235294117647, 0, 12.941176470588236, 748.5, 84,
25.098039215686274, 0, 12.941176470588236, 751.0, 84,
25.098039215686274, 0, 12.941176470588236, 749.5, 84,
25.49019607843137, 0, 12.941176470588236, 743.5, 84,
25.49019607843137, 0, 12.941176470588236, 755.5, 84,
25.098039215686274, 0, 12.941176470588236, 757.0, 84,
25.49019607843137, 0, 12.549019607843137, 743.0, 84,
25.49019607843137, 0, 12.941176470588236, 758.5, 84,
25.098039215686274, 0, 12.941176470588236, 747.0, 84,
25.88235294117647, 0, 12.941176470588236, 753.5, 84,
25.098039215686274, 0, 12.941176470588236, 756.5, 84,
25.88235294117647, 0, 12.941176470588236, 754.0, 84,
25.49019607843137, 0, 12.941176470588236, 747.5, 84,
25.49019607843137, 0, 12.941176470588236, 751.0, 84,
25.49019607843137, 0, 12.941176470588236, 745.0, 84,
25.49019607843137, 0, 12.941176470588236, 747.0, 84,
25.098039215686274, 0, 12.941176470588236, 745.0, 84,
25.098039215686274, 0, 12.549019607843137, 741.0, 84,
25.88235294117647, 0, 13.333333333333334, 761.0, 84,
25.098039215686274, 0, 12.941176470588236, 747.5, 84,
25.88235294117647, 0, 12.549019607843137, 753.0, 84,
25.098039215686274, 0, 13.333333333333334, 745.0, 84,
25.49019607843137, 0, 13.333333333333334, 739.0, 84,
26.274509803921568, 0, 12.549019607843137, 750.5, 84,
25.098039215686274, 0, 12.941176470588236, 754.0, 84,
25.49019607843137, 0, 12.941176470588236, 739.5, 84,
25.88235294117647, 0, 12.549019607843137, 746.0, 84,
26.666666666666668, 0, 12.549019607843137, 765.0, 84,
24.705882352941178, 0, 13.333333333333334, 742.0, 84,
25.88235294117647, 0, 12.549019607843137, 750.5, 84,
25.49019607843137, 0, 12.941176470588236, 753.0, 84,
24.705882352941178, 0, 12.941176470588236, 745.5, 84,
25.88235294117647, 0, 12.549019607843137, 755.5, 84,
24.705882352941178, 0, 12.941176470588236, 738.5, 84,
25.88235294117647, 0, 12.549019607843137, 751.5, 84,
25.49019607843137, 0, 12.941176470588236, 749.5, 84,
25.098039215686274, 0, 12.941176470588236, 749.5, 84,
25.88235294117647, 0, 12.941176470588236, 760.0, 84,
25.49019607843137, 0, 12.941176470588236, 748.5, 84,
25.49019607843137, 0, 12.941176470588236, 748.0, 84,
25.49019607843137, 0, 12.941176470588236, 750.0, 84,
25.49019607843137, 0, 12.941176470588236, 750.0, 84,
25.49019607843137, 0, 12.941176470588236, 750.0, 84,
25.49019607843137, 0, 12.941176470588236, 744.5, 84,
25.098039215686274, 0, 12.941176470588236, 740.0, 84,
26.666666666666668, 0, 12.549019607843137, 751.0, 84,
25.49019607843137, 0, 13.333333333333334, 755.5, 84,
24.705882352941178, 0, 13.333333333333334, 747.0, 84,
25.88235294117647, 0, 12.941176470588236, 744.0, 84,
25.88235294117647, 0, 12.941176470588236, 754.0, 84,
24.705882352941178, 0, 13.333333333333334, 752.0, 84,
25.098039215686274, 0, 13.333333333333334, 747.0, 84,
26.274509803921568, 0, 12.549019607843137, 750.5, 84,
25.49019607843137, 0, 12.941176470588236, 752.5, 84,
24.705882352941178, 0, 12.941176470588236, 744.0, 84,
25.88235294117647, 0, 12.941176470588236, 746.5, 84,
25.49019607843137, 0, 12.941176470588236, 755.5, 84,
25.098039215686274, 0, 12.941176470588236, 746.5, 84,
25.88235294117647, 0, 12.941176470588236, 752.5, 84,
25.098039215686274, 0, 12.941176470588236, 746.0, 84,
25.49019607843137, 0, 12.549019607843137, 753.5, 84,
25.49019607843137, 0, 12.941176470588236, 753.5, 84,
24.705882352941178, 0, 12.941176470588236, 743.5, 84,
25.88235294117647, 0, 12.941176470588236, 747.5, 84,
24.705882352941178, 0, 13.333333333333334, 749.5, 84,
25.098039215686274, 0, 12.941176470588236, 748.0, 84,
26.274509803921568, 0, 12.549019607843137, 740.0, 84,
25.098039215686274, 0, 12.941176470588236, 751.5, 84,
25.49019607843137, 0, 12.941176470588236, 748.5, 84,
25.88235294117647, 0, 12.941176470588236, 752.0, 84,
25.098039215686274, 0, 12.941176470588236, 760.0, 84,
25.88235294117647, 0, 12.549019607843137, 748.0, 84,
25.49019607843137, 0, 13.333333333333334, 748.0, 84,
25.098039215686274, 0, 12.941176470588236, 743.5, 84,
25.88235294117647, 0, 12.941176470588236, 755.0, 84,
25.098039215686274, 0, 12.941176470588236, 750.5, 84,
25.49019607843137, 0, 12.549019607843137, 747.0, 84,
25.88235294117647, 0, 12.941176470588236, 748.0, 84,
25.098039215686274, 0, 12.941176470588236, 741.5, 84,
25.88235294117647, 0, 12.941176470588236, 752.5, 84,
24.705882352941178, 0, 12.941176470588236, 746.0, 84,
25.49019607843137, 0, 12.941176470588236, 746.0, 84,
25.88235294117647, 0, 12.549019607843137, 753.5, 84,
25.098039215686274, 0, 12.941176470588236, 748.5, 84,
25.88235294117647, 0, 12.549019607843137, 746.5, 84,
24.705882352941178, 0, 13.333333333333334, 750.0, 84,
25.098039215686274, 0, 12.941176470588236, 745.5, 84,
25.88235294117647, 0, 12.549019607843137, 757.5, 84,
24.705882352941178, 0, 12.941176470588236, 745.0, 84,
26.274509803921568, 0, 12.549019607843137, 751.0, 84,
25.098039215686274, 0, 12.941176470588236, 743.5, 84,
26.274509803921568, 0, 12.941176470588236, 753.0, 84,
25.098039215686274, 0, 12.941176470588236, 743.0, 84,
26.274509803921568, 0, 12.941176470588236, 757.5, 84,
25.098039215686274, 0, 12.941176470588236, 745.5, 84,
25.88235294117647, 0, 12.941176470588236, 753.0, 84,
25.098039215686274, 0, 12.941176470588236, 748.5, 84,
25.88235294117647, 0, 12.941176470588236, 751.5, 84,
25.098039215686274, 0, 12.941176470588236, 740.5, 84,
25.88235294117647, 0, 12.941176470588236, 752.0, 84,
24.705882352941178, 0, 13.333333333333334, 748.5, 84,
25.098039215686274, 0, 12.941176470588236, 747.0, 84,
25.88235294117647, 0, 12.941176470588236, 758.5, 84,
25.098039215686274, 0, 13.333333333333334, 737.5, 84,
26.274509803921568, 0, 12.549019607843137, 752.5, 84,
25.88235294117647, 0, 12.941176470588236, 752.5, 84,
25.098039215686274, 0, 12.941176470588236, 743.5, 84,
26.274509803921568, 0, 12.549019607843137, 757.0, 84,
25.098039215686274, 0, 13.333333333333334, 749.0, 84,
25.49019607843137, 0, 13.333333333333334, 747.5, 84,
25.88235294117647, 0, 12.549019607843137, 748.5, 84,
25.88235294117647, 0, 13.333333333333334, 753.5, 84,
25.49019607843137, 0, 12.941176470588236, 751.5, 84,
26.666666666666668, 0, 12.549019607843137, 755.5, 84,
25.49019607843137, 0, 12.941176470588236, 750.5, 84,
24.705882352941178, 0, 13.333333333333334, 743.0, 84,
25.098039215686274, 0, 12.941176470588236, 743.0, 84,
26.274509803921568, 0, 12.549019607843137, 752.0, 84,
25.49019607843137, 0, 12.941176470588236, 753.5, 84,
25.098039215686274, 0, 12.941176470588236, 740.0, 84,
25.88235294117647, 0, 12.549019607843137, 744.0, 84,
25.098039215686274, 0, 12.941176470588236, 753.0, 84,
25.88235294117647, 0, 12.549019607843137, 751.5, 84,
25.49019607843137, 0, 12.941176470588236, 755.5, 84,
25.098039215686274, 0, 12.941176470588236, 746.5, 84,
25.88235294117647, 0, 12.549019607843137, 751.5, 84,
25.098039215686274, 0, 12.941176470588236, 745.5, 84,
25.88235294117647, 0, 12.941176470588236, 746.5, 84,
25.49019607843137, 0, 12.941176470588236, 750.5, 84,
25.49019607843137, 0, 12.941176470588236, 751.0, 84,
25.88235294117647, 0, 12.549019607843137, 750.5, 84,
26.274509803921568, 0, 12.549019607843137, 756.0, 84,
24.705882352941178, 0, 13.333333333333334, 744.5, 84,
25.88235294117647, 0, 12.549019607843137, 749.0, 84,
25.49019607843137, 0, 12.941176470588236, 758.5, 84,
25.49019607843137, 0, 12.941176470588236, 748.5, 84,
25.49019607843137, 0, 12.941176470588236, 746.5, 84,
24.705882352941178, 0, 13.333333333333334, 741.5, 84,
25.49019607843137, 0, 12.941176470588236, 748.0, 84,
25.49019607843137, 0, 12.941176470588236, 755.0, 84,
25.88235294117647, 0, 12.941176470588236, 744.5, 84,
25.098039215686274, 0, 12.941176470588236, 747.0, 84,
25.88235294117647, 0, 12.549019607843137, 747.5, 84,
25.88235294117647, 0, 12.941176470588236, 750.0, 84,
25.098039215686274, 0, 12.941176470588236, 747.0, 84,
26.274509803921568, 0, 12.549019607843137, 755.5, 84,
25.49019607843137, 0, 12.941176470588236, 754.0, 84,
25.49019607843137, 0, 12.941176470588236, 750.0, 84,
25.49019607843137, 0, 12.941176470588236, 746.0, 84,
25.49019607843137, 0, 12.941176470588236, 750.5, 84,
25.49019607843137, 0, 12.941176470588236, 747.5, 84,
25.49019607843137, 0, 12.941176470588236, 747.5, 84,
25.88235294117647, 0, 12.941176470588236, 748.0, 84,
25.098039215686274, 0, 12.941176470588236, 756.0, 84,
25.098039215686274, 0, 13.333333333333334, 747.0, 84,
25.88235294117647, 0, 12.941176470588236, 754.5, 84,
25.49019607843137, 0, 12.941176470588236, 742.5, 84,
25.49019607843137, 0, 12.941176470588236, 752.0, 84,
25.49019607843137, 0, 12.941176470588236, 748.5, 84,
25.49019607843137, 0, 12.941176470588236, 749.0, 84,
25.49019607843137, 0, 12.941176470588236, 749.5, 84,
25.49019607843137, 0, 12.941176470588236, 755.0, 84,
25.098039215686274, 0, 12.941176470588236, 743.5, 84,
26.274509803921568, 0, 12.941176470588236, 750.0, 84,
24.705882352941178, 0, 13.333333333333334, 750.0, 84,
25.88235294117647, 0, 12.549019607843137, 751.0, 84,
25.88235294117647, 0, 12.941176470588236, 752.0, 84,
25.098039215686274, 0, 12.941176470588236, 742.5, 84,
26.274509803921568, 0, 12.549019607843137, 758.5, 84,
25.098039215686274, 0, 12.941176470588236, 746.0, 84,
25.88235294117647, 0, 12.549019607843137, 747.5, 84,
25.098039215686274, 0, 12.941176470588236, 751.0, 84,
25.49019607843137, 0, 12.941176470588236, 752.0, 84,
25.49019607843137, 0, 12.941176470588236, 748.0, 84,
25.098039215686274, 0, 12.941176470588236, 740.5, 84,
25.88235294117647, 0, 12.549019607843137, 751.0, 84,
25.88235294117647, 0, 12.549019607843137, 750.5, 84,
24.705882352941178, 0, 12.941176470588236, 744.0, 84,
26.274509803921568, 0, 12.549019607843137, 755.0, 84,
25.49019607843137, 0, 12.941176470588236, 754.5, 84,
25.49019607843137, 0, 12.549019607843137, 742.5, 84,
25.88235294117647, 0, 12.941176470588236, 751.0, 84,
25.098039215686274, 0, 12.941176470588236, 739.0, 84,
25.88235294117647, 0, 12.549019607843137, 749.5, 84,
25.88235294117647, 0, 12.941176470588236, 752.0, 84,
24.705882352941178, 0, 12.941176470588236, 743.5, 84,
25.88235294117647, 0, 12.549019607843137, 751.0, 84,
25.098039215686274, 0, 13.333333333333334, 755.5, 84,
25.098039215686274, 0, 12.941176470588236, 749.0, 84,
25.88235294117647, 0, 12.941176470588236, 754.5, 84,
25.49019607843137, 0, 12.941176470588236, 738.5, 84,
24.705882352941178, 0, 12.941176470588236, 750.0, 84,
25.88235294117647, 0, 12.549019607843137, 740.5, 84,
25.49019607843137, 0, 12.941176470588236, 746.5, 84,
25.098039215686274, 0, 13.333333333333334, 752.5, 84,
25.49019607843137, 0, 12.549019607843137, 744.0, 84,
25.88235294117647, 0, 12.941176470588236, 753.0, 84,
25.098039215686274, 0, 12.941176470588236, 744.5, 84,
25.88235294117647, 0, 12.549019607843137, 750.5, 84,
24.705882352941178, 0, 12.941176470588236, 749.5, 84,
25.88235294117647, 0, 12.549019607843137, 747.5, 84,
24.705882352941178, 0, 12.549019607843137, 744.0, 84,
25.098039215686274, 0, 12.941176470588236, 747.5, 84,
25.88235294117647, 0, 12.549019607843137, 750.5, 84,
25.098039215686274, 0, 12.941176470588236, 749.5, 84,
25.098039215686274, 0, 12.941176470588236, 744.5, 84,
25.88235294117647, 0, 12.941176470588236, 756.5, 84,
24.705882352941178, 0, 12.941176470588236, 751.0, 84,
25.49019607843137, 0, 12.549019607843137, 749.5, 84,
24.705882352941178, 0, 13.333333333333334, 747.0, 84,
25.88235294117647, 0, 12.549019607843137, 752.5, 84,
25.098039215686274, 0, 12.941176470588236, 750.0, 84,
25.098039215686274, 0, 12.941176470588236, 748.0, 84,
25.49019607843137, 0, 12.941176470588236, 753.5, 84,
25.098039215686274, 0, 12.941176470588236, 746.0, 84,
25.098039215686274, 0, 12.941176470588236, 746.5, 84,
25.49019607843137, 0, 12.941176470588236, 748.0, 84,
25.098039215686274, 0, 12.941176470588236, 746.0, 84,
25.098039215686274, 0, 12.941176470588236, 745.5, 84,
25.098039215686274, 0, 12.941176470588236, 749.5, 84,
25.49019607843137, 0, 12.941176470588236, 746.0, 84,
24.705882352941178, 0, 12.941176470588236, 749.5, 84,
25.88235294117647, 0, 12.549019607843137, 747.0, 84,
25.88235294117647, 0, 12.941176470588236, 751.5, 84,
25.88235294117647, 0, 12.549019607843137, 755.5, 84,
24.705882352941178, 0, 13.333333333333334, 755.0, 84,
25.49019607843137, 0, 12.549019607843137, 748.0, 84,
25.49019607843137, 0, 12.941176470588236, 752.5, 84,
24.705882352941178, 0, 12.941176470588236, 740.0, 84,
25.88235294117647, 0, 12.549019607843137, 755.0, 84,
24.705882352941178, 0, 12.941176470588236, 744.5, 84,
25.49019607843137, 0, 12.941176470588236, 753.0, 84,
25.49019607843137, 0, 12.941176470588236, 752.0, 84,
25.098039215686274, 0, 12.941176470588236, 759.0, 84,
24.705882352941178, 0, 12.941176470588236, 742.5, 84,
25.49019607843137, 0, 12.941176470588236, 753.0, 84,
24.705882352941178, 0, 12.941176470588236, 744.0, 84,
25.88235294117647, 0, 12.941176470588236, 756.0, 84,
24.705882352941178, 0, 13.333333333333334, 750.0, 84,
24.705882352941178, 0, 12.941176470588236, 741.5, 84,
25.88235294117647, 0, 12.549019607843137, 752.5, 84,
24.705882352941178, 0, 13.333333333333334, 739.0, 84,
25.88235294117647, 0, 12.549019607843137, 750.5, 84,
24.705882352941178, 0, 12.941176470588236, 751.5, 84,
25.88235294117647, 0, 12.549019607843137, 748.5, 84,
25.098039215686274, 0, 12.941176470588236, 748.0, 84,
25.49019607843137, 0, 12.549019607843137, 747.5, 84,
25.49019607843137, 0, 12.941176470588236, 752.0, 84,
25.098039215686274, 0, 12.941176470588236, 744.5, 84,
25.49019607843137, 0, 12.941176470588236, 742.0, 84,
25.098039215686274, 0, 13.333333333333334, 745.5, 84,
25.49019607843137, 0, 12.549019607843137, 747.5, 84,
25.49019607843137, 0, 12.549019607843137, 753.5, 84,
25.098039215686274, 0, 12.941176470588236, 741.5, 84,
25.88235294117647, 0, 12.941176470588236, 749.0, 84,
24.705882352941178, 0, 13.333333333333334, 744.0, 84,
25.098039215686274, 0, 12.941176470588236, 751.5, 84,
25.88235294117647, 0, 12.549019607843137, 750.0, 84,
25.88235294117647, 0, 12.941176470588236, 755.5, 84,
24.705882352941178, 0, 12.941176470588236, 745.5, 84,
25.88235294117647, 0, 12.549019607843137, 747.5, 84,
24.705882352941178, 0, 12.941176470588236, 748.0, 84,
25.88235294117647, 0, 12.549019607843137, 753.5, 84,
25.098039215686274, 0, 12.941176470588236, 746.5, 84,
25.88235294117647, 0, 12.941176470588236, 755.0, 84,
25.098039215686274, 0, 12.941176470588236, 750.5, 84,
25.49019607843137, 0, 12.941176470588236, 751.0, 84,
24.705882352941178, 0, 12.941176470588236, 744.0, 84,
25.88235294117647, 0, 12.549019607843137, 746.0, 84,
25.098039215686274, 0, 13.333333333333334, 756.5, 84,
24.705882352941178, 0, 12.941176470588236, 739.0, 84,
25.88235294117647, 0, 12.549019607843137, 747.5, 84,
24.705882352941178, 0, 12.941176470588236, 747.0, 84,
25.49019607843137, 0, 12.941176470588236, 744.5, 84,
25.49019607843137, 0, 12.941176470588236, 754.0, 84,
24.705882352941178, 0, 12.941176470588236, 748.0, 84,
26.274509803921568, 0, 12.549019607843137, 754.5, 84,
24.705882352941178, 0, 12.941176470588236, 750.0, 84,
25.098039215686274, 0, 12.941176470588236, 744.5, 84,
25.88235294117647, 0, 12.549019607843137, 752.5, 84,
25.098039215686274, 0, 13.333333333333334, 749.0, 84,
24.705882352941178, 0, 12.941176470588236, 744.5, 84,
25.88235294117647, 0, 12.941176470588236, 749.0, 84,
24.705882352941178, 0, 12.941176470588236, 743.5, 84,
25.88235294117647, 0, 12.941176470588236, 755.5, 84,
24.705882352941178, 0, 12.941176470588236, 745.0, 84,
25.88235294117647, 0, 12.941176470588236, 747.5, 84,
25.098039215686274, 0, 12.941176470588236, 746.5, 84,
25.88235294117647, 0, 12.549019607843137, 747.0, 84,
25.49019607843137, 0, 12.941176470588236, 748.5, 84,
24.705882352941178, 0, 13.333333333333334, 747.0, 84,
25.88235294117647, 0, 12.549019607843137, 750.5, 84,
24.705882352941178, 0, 13.333333333333334, 750.0, 84,
25.49019607843137, 0, 12.941176470588236, 752.0, 84,
25.098039215686274, 0, 12.941176470588236, 746.0, 84,
25.098039215686274, 0, 12.941176470588236, 746.0, 84,
25.88235294117647, 0, 12.549019607843137, 759.0, 84,
24.705882352941178, 0, 12.941176470588236, 739.0, 84,
25.49019607843137, 0, 12.941176470588236, 748.5, 84,
25.88235294117647, 0, 12.941176470588236, 755.5, 84,
24.705882352941178, 0, 12.941176470588236, 750.0, 84,
25.49019607843137, 0, 12.549019607843137, 747.0, 84,
25.49019607843137, 0, 12.941176470588236, 750.5, 84,
25.098039215686274, 0, 12.941176470588236, 743.5, 84,
25.49019607843137, 0, 12.941176470588236, 750.0, 84,
25.098039215686274, 0, 12.941176470588236, 750.5, 84,
25.49019607843137, 0, 12.549019607843137, 748.5, 84,
25.098039215686274, 0, 12.941176470588236, 756.5, 84,
25.098039215686274, 0, 12.941176470588236, 749.0, 84,
25.88235294117647, 0, 12.549019607843137, 744.0, 84,
25.098039215686274, 0, 12.941176470588236, 745.5, 84,
25.098039215686274, 0, 12.941176470588236, 754.5, 84,
25.098039215686274, 0, 12.941176470588236, 749.0, 84,
25.098039215686274, 0, 12.941176470588236, 754.5, 84,
25.49019607843137, 0, 12.941176470588236, 750.5, 84,
25.49019607843137, 0, 12.941176470588236, 751.0, 84,
25.098039215686274, 0, 12.941176470588236, 741.5, 84,
25.49019607843137, 0, 12.941176470588236, 755.0, 84,
24.705882352941178, 0, 12.941176470588236, 746.5, 84,
25.49019607843137, 0, 12.941176470588236, 750.0, 84,
24.705882352941178, 0, 12.941176470588236, 748.0, 84,
25.098039215686274, 0, 12.941176470588236, 747.5, 84,
26.274509803921568, 0, 12.549019607843137, 743.0, 84,
25.49019607843137, 0, 12.941176470588236, 753.0, 84,
24.705882352941178, 0, 12.941176470588236, 752.5, 84,
24.705882352941178, 0, 12.941176470588236, 744.0, 84,
25.88235294117647, 0, 12.549019607843137, 749.0, 84,
24.705882352941178, 0, 13.333333333333334, 743.0, 84,
25.49019607843137, 0, 12.941176470588236, 747.5, 84,
25.098039215686274, 0, 12.941176470588236, 747.0, 84,
25.098039215686274, 0, 12.941176470588236, 753.0, 84,
25.098039215686274, 0, 12.941176470588236, 743.5, 84,
25.098039215686274, 0, 12.941176470588236, 750.0, 84,
25.098039215686274, 0, 12.941176470588236, 754.0, 84,
25.098039215686274, 0, 12.941176470588236, 744.0, 84,
25.88235294117647, 0, 12.549019607843137, 751.0, 84,
24.705882352941178, 0, 13.333333333333334, 745.5, 84,
25.49019607843137, 0, 12.941176470588236, 747.0, 84,
25.88235294117647, 0, 12.549019607843137, 749.5, 84,
25.88235294117647, 0, 12.941176470588236, 758.0, 84,
24.705882352941178, 0, 12.941176470588236, 747.5, 84,
25.098039215686274, 0, 12.941176470588236, 748.5, 84,
25.49019607843137, 0, 12.549019607843137, 750.0, 84,
25.098039215686274, 0, 13.333333333333334, 751.5, 84,
25.49019607843137, 0, 12.941176470588236, 749.5, 84,
25.49019607843137, 0, 12.941176470588236, 754.5, 84,
24.705882352941178, 0, 12.941176470588236, 746.0, 84,
25.49019607843137, 0, 12.941176470588236, 746.5, 84,
24.705882352941178, 0, 12.941176470588236, 744.5, 84,
25.88235294117647, 0, 12.549019607843137, 757.0, 84,
24.313725490196077, 0, 13.333333333333334, 754.0, 84,
25.49019607843137, 0, 12.941176470588236, 752.5, 84,
25.098039215686274, 0, 12.941176470588236, 751.5, 84,
25.88235294117647, 0, 12.549019607843137, 752.5, 84,
25.098039215686274, 0, 12.941176470588236, 753.5, 84,
25.098039215686274, 0, 12.941176470588236, 746.0, 84,
25.88235294117647, 0, 12.941176470588236, 755.0, 84,
24.705882352941178, 0, 12.941176470588236, 747.5, 84,
25.098039215686274, 0, 12.941176470588236, 743.0, 84,
25.88235294117647, 0, 12.549019607843137, 748.5, 84,
24.705882352941178, 0, 13.333333333333334, 751.5, 84,
25.098039215686274, 0, 12.941176470588236, 752.5, 84,
25.49019607843137, 0, 12.941176470588236, 759.5, 84,
24.705882352941178, 0, 12.941176470588236, 746.0, 84,
25.88235294117647, 0, 12.549019607843137, 754.5, 84,
24.705882352941178, 0, 12.941176470588236, 746.0, 84,
25.88235294117647, 0, 12.549019607843137, 746.5, 84,
24.705882352941178, 0, 12.941176470588236, 745.5, 84,
25.49019607843137, 0, 12.941176470588236, 746.5, 84,
25.88235294117647, 0, 12.549019607843137, 747.0, 84,
25.88235294117647, 0, 12.549019607843137, 755.5, 84,
25.88235294117647, 0, 12.941176470588236, 752.5, 84,
24.705882352941178, 0, 12.941176470588236, 738.5, 84,
25.88235294117647, 0, 12.941176470588236, 755.0, 84,
24.705882352941178, 0, 13.333333333333334, 746.0, 84,
25.49019607843137, 0, 12.941176470588236, 751.0, 84,
25.88235294117647, 0, 12.941176470588236, 751.0, 84,
24.705882352941178, 0, 13.333333333333334, 760.5, 84,
25.49019607843137, 0, 12.941176470588236, 748.5, 84,
25.49019607843137, 0, 12.941176470588236, 747.5, 84,
24.705882352941178, 0, 12.941176470588236, 746.0, 84,
25.88235294117647, 0, 12.941176470588236, 756.5, 84,
25.098039215686274, 0, 13.333333333333334, 754.5, 84,
24.705882352941178, 0, 12.941176470588236, 740.0, 84,
25.88235294117647, 0, 12.549019607843137, 743.5, 84,
25.88235294117647, 0, 12.549019607843137, 757.5, 84,
25.49019607843137, 0, 13.333333333333334, 751.0, 84,
24.705882352941178, 0, 13.333333333333334, 741.0, 84,
26.666666666666668, 0, 12.549019607843137, 749.5, 84,
25.49019607843137, 0, 12.941176470588236, 749.5, 84,
25.49019607843137, 0, 12.549019607843137, 751.0, 84,
25.49019607843137, 0, 12.941176470588236, 752.0, 84,
25.098039215686274, 0, 12.941176470588236, 742.5, 84,
25.88235294117647, 0, 12.549019607843137, 737.0, 84,
26.274509803921568, 0, 12.941176470588236, 758.0, 84,
24.705882352941178, 0, 13.333333333333334, 747.0, 84,
26.274509803921568, 0, 12.549019607843137, 750.0, 84,
24.705882352941178, 0, 12.941176470588236, 746.0, 84,
25.88235294117647, 0, 12.549019607843137, 751.0, 84,
25.88235294117647, 0, 12.941176470588236, 748.5, 84,
24.705882352941178, 0, 13.333333333333334, 754.0, 84,
25.49019607843137, 0, 12.941176470588236, 753.0, 84,
25.098039215686274, 0, 12.941176470588236, 744.5, 84,
26.274509803921568, 0, 12.549019607843137, 746.0, 84,
24.705882352941178, 0, 13.333333333333334, 742.0, 84,
25.49019607843137, 0, 12.549019607843137, 753.5, 84,
25.49019607843137, 0, 12.941176470588236, 751.0, 84,
25.49019607843137, 0, 12.941176470588236, 749.5, 84,
25.49019607843137, 0, 12.941176470588236, 749.5, 84,
25.098039215686274, 0, 13.333333333333334, 751.5, 84,
24.705882352941178, 0, 13.333333333333334, 741.0, 84,
25.88235294117647, 0, 12.941176470588236, 746.0, 84,
25.49019607843137, 0, 12.549019607843137, 752.0, 84,
25.098039215686274, 0, 13.333333333333334, 755.0, 84,
25.88235294117647, 0, 12.941176470588236, 741.5, 84,
25.49019607843137, 0, 12.941176470588236, 748.5, 84,
24.705882352941178, 0, 13.333333333333334, 742.5, 84,
26.274509803921568, 0, 12.549019607843137, 751.0, 84,
25.098039215686274, 0, 12.941176470588236, 753.5, 84,
25.49019607843137, 0, 12.941176470588236, 746.5, 84,
25.88235294117647, 0, 12.941176470588236, 757.0, 84,
25.098039215686274, 0, 12.941176470588236, 747.5, 84,
25.098039215686274, 0, 12.549019607843137, 745.5, 84,
26.274509803921568, 0, 12.549019607843137, 753.0, 84,
24.705882352941178, 0, 13.333333333333334, 750.5, 84,
25.098039215686274, 0, 12.941176470588236, 743.0, 84,
26.274509803921568, 0, 12.549019607843137, 753.0, 84,
25.098039215686274, 0, 12.941176470588236, 749.0, 84,
25.88235294117647, 0, 12.549019607843137, 750.0, 84,
25.88235294117647, 0, 12.549019607843137, 750.0, 84,
25.49019607843137, 0, 12.941176470588236, 749.5, 84,
25.49019607843137, 0, 12.941176470588236, 744.0, 84,
26.666666666666668, 0, 12.549019607843137, 748.5, 84,
25.098039215686274, 0, 12.941176470588236, 743.5, 84,
25.098039215686274, 0, 12.941176470588236, 742.5, 84,
25.88235294117647, 0, 12.941176470588236, 749.5, 84,
25.49019607843137, 0, 12.941176470588236, 751.5, 84,
25.098039215686274, 0, 12.941176470588236, 751.0, 84,
25.88235294117647, 0, 12.941176470588236, 748.5, 84,
24.705882352941178, 0, 13.333333333333334, 745.5, 84,
25.098039215686274, 0, 12.941176470588236, 753.0, 84,
25.49019607843137, 0, 12.941176470588236, 751.5, 84,
24.705882352941178, 0, 13.333333333333334, 743.5, 84,
26.274509803921568, 0, 12.549019607843137, 753.0, 84,
25.49019607843137, 0, 12.941176470588236, 753.0, 84,
24.705882352941178, 0, 13.333333333333334, 739.5, 84,
25.098039215686274, 0, 12.941176470588236, 747.5, 84,
25.88235294117647, 0, 12.941176470588236, 758.0, 84,
24.705882352941178, 0, 12.941176470588236, 740.5, 84,
25.88235294117647, 0, 12.941176470588236, 754.5, 84,
24.705882352941178, 0, 13.333333333333334, 734.0, 84,
26.274509803921568, 0, 12.549019607843137, 755.5, 84,
24.705882352941178, 0, 12.941176470588236, 748.5, 84,
25.49019607843137, 0, 12.941176470588236, 749.0, 84,
25.49019607843137, 0, 12.941176470588236, 747.5, 84,
25.49019607843137, 0, 12.941176470588236, 749.5, 84,
25.88235294117647, 0, 12.941176470588236, 759.0, 84,
24.705882352941178, 0, 12.941176470588236, 744.5, 84,
25.88235294117647, 0, 12.941176470588236, 749.0, 84,
26.274509803921568, 0, 12.941176470588236, 754.0, 84,
24.705882352941178, 0, 13.333333333333334, 749.5, 84,
25.88235294117647, 0, 12.941176470588236, 751.0, 84,
24.705882352941178, 0, 12.941176470588236, 738.5, 84,
26.274509803921568, 0, 12.549019607843137, 755.0, 84,
24.705882352941178, 0, 12.941176470588236, 750.5, 84,
25.88235294117647, 0, 12.941176470588236, 747.0, 84,
25.88235294117647, 0, 12.549019607843137, 746.5, 84,
24.705882352941178, 0, 13.333333333333334, 749.5, 84,
25.88235294117647, 0, 12.549019607843137, 750.0, 84,
25.88235294117647, 0, 13.333333333333334, 750.5, 84,
25.098039215686274, 0, 13.333333333333334, 747.0, 84,
26.274509803921568, 0, 12.941176470588236, 747.0, 84,
25.49019607843137, 0, 12.941176470588236, 750.0, 84,
25.098039215686274, 0, 12.941176470588236, 743.5, 84,
25.88235294117647, 0, 12.941176470588236, 750.0, 84,
25.098039215686274, 0, 12.941176470588236, 750.0, 84,
25.88235294117647, 0, 12.941176470588236, 747.0, 84,
25.098039215686274, 0, 12.941176470588236, 747.5, 84,
25.88235294117647, 0, 12.941176470588236, 744.5, 84,
25.88235294117647, 0, 12.549019607843137, 749.5, 84,
25.098039215686274, 0, 12.941176470588236, 752.5, 84,
25.49019607843137, 0, 12.941176470588236, 744.0, 84,
25.88235294117647, 0, 12.941176470588236, 752.0, 84,
25.098039215686274, 0, 12.941176470588236, 750.0, 84,
25.88235294117647, 0, 13.333333333333334, 754.5, 84,
25.098039215686274, 0, 12.941176470588236, 743.0, 84,
25.88235294117647, 0, 12.941176470588236, 754.5, 84,
24.705882352941178, 0, 13.333333333333334, 744.5, 84,
25.88235294117647, 0, 12.941176470588236, 748.0, 84,
25.49019607843137, 0, 12.941176470588236, 756.5, 84,
25.098039215686274, 0, 13.333333333333334, 747.5, 84,
25.098039215686274, 0, 12.549019607843137, 745.5, 84,
26.274509803921568, 0, 12.941176470588236, 748.5, 84,
25.49019607843137, 0, 13.333333333333334, 751.0, 84,
25.098039215686274, 0, 12.941176470588236, 748.5, 84,
26.274509803921568, 0, 12.941176470588236, 756.0, 84,
25.098039215686274, 0, 12.941176470588236, 746.0, 84,
26.274509803921568, 0, 12.941176470588236, 755.5, 84,
25.098039215686274, 0, 12.941176470588236, 748.0, 84,
25.88235294117647, 0, 12.941176470588236, 756.0, 84,
25.49019607843137, 0, 12.941176470588236, 747.5, 84,
25.88235294117647, 0, 12.941176470588236, 752.0, 84,
24.705882352941178, 0, 12.941176470588236, 743.5, 84,
25.88235294117647, 0, 12.941176470588236, 752.0, 84,
25.49019607843137, 0, 12.941176470588236, 751.5, 84,
25.88235294117647, 0, 12.941176470588236, 749.5, 84,
25.49019607843137, 0, 12.941176470588236, 752.0, 84,
25.098039215686274, 0, 12.941176470588236, 744.5, 84,
25.88235294117647, 0, 12.941176470588236, 752.5, 84,
24.705882352941178, 0, 13.333333333333334, 746.0, 84,
25.49019607843137, 0, 12.941176470588236, 743.0, 84,
25.88235294117647, 0, 12.941176470588236, 755.5, 84,
25.098039215686274, 0, 13.333333333333334, 751.5, 84,
25.49019607843137, 0, 12.941176470588236, 746.0, 84,
25.88235294117647, 0, 12.941176470588236, 752.0, 84,
25.098039215686274, 