0, 0.0, 18.431372549019606, 0.0, 72,
0, 0.0, 18.431372549019606, 0.0, 72,
0, 0.0, 18.431372549019606, 0.0, 72,
0, 0.0, 18.431372549019606, 0.0, 72,
0, 0.0, 18.431372549019606, 0.0, 72,
0, 0.0, 18.431372549019606, 0.0, 72,
0, 0.0, 18.431372549019606, 0.0, 72,
0, 0.0, 18.431372549019606, 0.0, 72,
0, 0.0, 18.431372549019606, 0.0, 72,
0, 0.0, 18.431372549019606, 0.0, 72,
0, 0.0, 18.431372549019606, 0.0, 72,
0, 0.0, 18.431372549019606, 0.0, 72,
0, 0.0, 18.431372549019606, 0.0, 72,
0, 0.0, 18.431372549019606, 0.0, 72,
0, 0.0, 18.431372549019606, 0.0, 72,
0, 0.0, 18.431372549019606, 0.0, 72,
0, 0.0, 18.431372549019606, 0.0, 72,
0, 0.0, 18.431372549019606, 0.0, 72,
0, 0.0, 18.431372549019606, 0.0, 72,
0, 0.0, 18.431372549019606, 0.0, 72,
0, 0.0, 18.431372549019606, 0.0, 72,
0, 0.0, 18.431372549019606, 0.0, 72,
0, 0.0, 18.431372549019606, 0.0, 72,
0, 0.0, 18.431372549019606, 0.0, 72,
0, 0.0, 18.431372549019606, 0.0, 72,
0, 0.0, 18.431372549019606, 0.0, 72,
0, 0.0, 18.431372549019606, 0.0, 72,
0, 0.0, 18.431372549019606, 0.0, 72,
0, 0.0, 18.431372549019606, 0.0, 72,
0, 0.0, 18.431372549019606, 0.0, 72,
0, 0.0, 18.431372549019606, 0.0, 72,
0, 0.0, 18.431372549019606, 0.0, 72,
0, 0.0, 18.431372549019606, 0.0, 72,
0, 0.0, 18.431372549019606, 0.0, 72,
0, 0.0, 18.431372549019606, 0.0, 72,
0, 0.0, 18.431372549019606, 0.0, 72,
0, 0.0, 18.431372549019606, 0.0, 72,
0, 0.0, 18.431372549019606, 0.0, 72,
0, 0.0, 18.431372549019606, 0.0, 72,
0, 0.0, 18.431372549019606, 0.0, 72,
0, 0.0, 18.431372549019606, 0.0, 72,
0, 0.0, 18.431372549019606, 0.0, 72,
0, 0.0, 18.431372549019606, 0.0, 72,
0, 0.0, 18.823529411764707, 0.0, 72,
0, 0.0, 18.431372549019606, 0.0, 72,
0, 0.0, 18.431372549019606, 0.0, 72,
0, 0.0, 18.431372549019606, 0.0, 72,
0, 0.0, 18.431372549019606, 0.0, 72,
0, 0.0, 18.431372549019606, 0.0, 72,
0, 0.0, 18.431372549019606, 0.0, 72,
0, 0.0, 18.431372549019606, 0.0, 72,
0, 0.0, 18.431372549019606, 0.0, 72,
0, 0.0, 18.431372549019606, 0.0, 72,
0, 0.0, 18.431372549019606, 0.0, 72,
0, 0.0, 18.431372549019606, 0.0, 72,
0, 0.0, 18.431372549019606, 0.0, 72,
0, 0.0, 18.431372549019606, 0.0, 72,
0, 0.0, 18.431372549019606, 0.0, 72,
0, 0.0, 18.431372549019606, 0.0, 72,
0, 0.0, 18.431372549019606, 0.0, 72,
0, 0.0, 18.431372549019606, 0.0, 72,
0, 0.0, 18.431372549019606, 0.0, 72,
0, 0.0, 18.431372549019606, 0.0, 72,
0, 0.0, 18.431372549019606, 0.0, 72,
0, 0.0, 18.823529411764707, 0.0, 72,
0, 0.0, 18.431372549019606, 0.0, 72,
0, 0.0, 18.431372549019606, 0.0, 72,
0, 0.0, 18.431372549019606, 0.0, 72,
0, 0.0, 18.431372549019606, 0.0, 72,
0, 0.0, 18.431372549019606, 0.0, 72,
0, 0.0, 18.431372549019606, 0.0, 72,
0, 0.0, 18.431372549019606, 0.0, 72,
0, 0.0, 18.431372549019606, 0.0, 72,
0, 0.0, 18.431372549019606, 0.0, 72,
0, 0.0, 18.431372549019606, 0.0, 72,
0, 0.0, 18.431372549019606, 0.0, 72,
0, 0.0, 18.431372549019606, 0.0, 72,
0, 0.0, 18.431372549019606, 0.0, 72,
0, 0.0, 18.431372549019606, 0.0, 72,
0, 0.0, 18.431372549019606, 0.0, 72,
0, 0.0, 18.431372549019606, 0.0, 72,
0, 0.0, 18.431372549019606, 0.0, 72,
0, 0.0, 18.431372549019606, 0.0, 72,
0, 0.0, 18.431372549019606, 0.0, 72,
0, 0.0, 18.431372549019606, 0.0, 72,
0, 0.0, 18.431372549019606, 0.0, 72,
0, 0.0, 18.431372549019606, 0.0, 72,
0, 0.0, 18.431372549019606, 0.0, 72,
0, 0.0, 18.431372549019606, 0.0, 72,
0, 0.0, 18.431372549019606, 0.0, 72,
0, 0.0, 18.431372549019606, 0.0, 72,
0, 0.0, 18.431372549019606, 0.0, 72,
0, 0.0, 18.431372549019606, 0.0, 71,
0, 0.0, 18.431372549019606, 0.0, 71,
0, 0.0, 18.431372549019606, 0.0, 71,
0, 0.0, 18.431372549019606, 0.0, 71,
0, 0.0, 18.823529411764707, 0.0, 71,
0, 0.0, 18.431372549019606, 0.0, 71,
0, 0.0, 18.431372549019606, 0.0, 71,
0, 0.0, 18.431372549019606, 0.0, 71,
0, 0.0, 18.431372549019606, 0.0, 71,
0, 0.0, 18.431372549019606, 0.0, 71,
0, 0.0, 18.431372549019606, 0.0, 71,
0, 0.0, 18.431372549019606, 0.0, 71,
0, 0.0, 18.431372549019606, 0.0, 71,
0, 0.0, 18.431372549019606, 0.0, 71,
0, 0.0, 18.431372549019606, 0.0, 71,
0, 0.0, 18.431372549019606, 0.0, 71,
0, 0.0, 18.431372549019606, 0.0, 71,
0, 0.0, 18.823529411764707, 0.0, 71,
0, 0.0, 18.431372549019606, 0.0, 71,
0, 0.0, 18.431372549019606, 0.0, 71,
0, 0.0, 18.431372549019606, 0.0, 71,
0, 0.0, 18.431372549019606, 0.0, 71,
0, 0.0, 18.431372549019606, 0.0, 71,
0, 0.0, 18.431372549019606, 0.0, 71,
0, 0.0, 18.431372549019606, 0.0, 71,
0, 0.0, 18.431372549019606, 0.0, 71,
0, 0.0, 18.431372549019606, 0.0, 71,
0, 0.0, 18.431372549019606, 0.0, 71,
0, 0.0, 18.431372549019606, 0.0, 71,
0, 0.0, 18.431372549019606, 0.0, 71,
0, 0.0, 18.431372549019606, 0.0, 71,
0, 0.0, 18.431372549019606, 0.0, 71,
0, 0.0, 18.431372549019606, 0.0, 71,
0, 0.0, 18.431372549019606, 0.0, 71,
0, 0.0, 18.431372549019606, 0.0, 71,
0, 0.0, 18.431372549019606, 0.0, 71,
0, 0.0, 18.431372549019606, 0.0, 71,
0, 0.0, 18.431372549019606, 0.0, 71,
0, 0.0, 18.431372549019606, 0.0, 71,
0, 0.0, 18.431372549019606, 0.0, 71,
0, 0.0, 18.431372549019606, 0.0, 71,
0, 0.0, 18.431372549019606, 0.0, 71,
0, 0.0, 18.431372549019606, 0.0, 71,
0, 0.0, 18.431372549019606, 0.0, 71,
0, 0.0, 18.431372549019606, 0.0, 71,
0, 0.0, 18.431372549019606, 0.0, 71,
0, 0.0, 18.431372549019606, 0.0, 71,
0, 0.0, 18.431372549019606, 0.0, 71,
0, 0.0, 18.823529411764707, 0.0, 71,
0, 0.0, 18.431372549019606, 0.0, 71,
0, 0.0, 18.431372549019606, 0.0, 71,
0, 0.0, 18.431372549019606, 0.0, 71,
0, 0.0, 18.431372549019606, 0.0, 71,
0, 0.0, 18.431372549019606, 0.0, 71,
0, 0.0, 18.431372549019606, 0.0, 71,
0, 0.0, 18.431372549019606, 0.0, 71,
0, 0.0, 18.431372549019606, 0.0, 71,
0, 0.0, 18.431372549019606, 0.0, 71,
0, 0.0, 18.431372549019606, 0.0, 71,
0, 0.0, 18.431372549019606, 0.0, 71,
0, 0.0, 18.431372549019606, 0.0, 71,
0, 0.0, 18.431372549019606, 0.0, 71,
0, 0.0, 18.431372549019606, 0.0, 71,
0, 0.0, 18.431372549019606, 0.0, 71,
0, 0.0, 18.431372549019606, 0.0, 71,
0, 0.0, 18.823529411764707, 0.0, 71,
0, 0.0, 18.431372549019606, 0.0, 70,
0, 0.0, 18.431372549019606, 0.0, 70,
0, 0.0, 18.431372549019606, 0.0, 70,
0, 0.0, 18.431372549019606, 0.0, 70,
0, 0.0, 18.431372549019606, 0.0, 70,
0, 0.0, 18.431372549019606, 0.0, 70,
0, 0.0, 18.431372549019606, 0.0, 70,
0, 0.0, 18.431372549019606, 0.0, 70,
0, 0.0, 18.431372549019606, 0.0, 70,
0, 0.0, 18.431372549019606, 0.0, 70,
0, 0.0, 18.431372549019606, 0.0, 70,
0, 0.0, 18.431372549019606, 0.0, 70,
0, 0.0, 18.431372549019606, 0.0, 70,
0, 0.0, 18.431372549019606, 0.0, 70,
0, 0.0, 18.431372549019606, 0.0, 70,
0, 0.0, 18.431372549019606, 0.0, 70,
0, 0.0, 18.431372549019606, 0.0, 70,
0, 0.0, 18.431372549019606, 0.0, 70,
0, 0.0, 18.431372549019606, 0.0, 70,
0, 0.0, 18.431372549019606, 0.0, 70,
0, 0.0, 18.431372549019606, 0.0, 70,
0, 0.0, 18.431372549019606, 0.0, 70,
0, 0.0, 18.431372549019606, 0.0, 70,
0, 0.0, 18.431372549019606, 0.0, 70,
0, 0.0, 18.431372549019606, 0.0, 70,
0, 0.0, 18.431372549019606, 0.0, 70,
0, 0.0, 18.431372549019606, 0.0, 70,
0, 0.0, 18.431372549019606, 0.0, 70,
0, 0.0, 18.431372549019606, 0.0, 70,
0, 0.0, 18.431372549019606, 0.0, 70,
0, 0.0, 18.431372549019606, 0.0, 70,
0, 0.0, 18.431372549019606, 0.0, 70,
0, 0.0, 18.431372549019606, 0.0, 70,
0, 0.0, 18.431372549019606, 0.0, 70,
0, 0.0, 18.431372549019606, 0.0, 70,
0, 0.0, 18.431372549019606, 0.0, 70,
0, 0.0, 18.431372549019606, 0.0, 70,
0, 0.0, 18.431372549019606, 0.0, 70,
0, 0.0, 18.431372549019606, 0.0, 70,
0, 0.0, 18.431372549019606, 0.0, 70,
0, 0.0, 18.431372549019606, 0.0, 70,
0, 0.0, 18.431372549019606, 0.0, 70,
0, 0.0, 18.431372549019606, 0.0, 70,
0, 0.0, 18.431372549019606, 0.0, 70,
0, 0.0, 18.431372549019606, 0.0, 70,
0, 0.0, 18.431372549019606, 0.0, 70,
0, 0.0, 18.431372549019606, 0.0, 70,
0, 0.0, 18.431372549019606, 0.0, 69,
0, 0.0, 18.431372549019606, 0.0, 70,
0, 0.0, 18.431372549019606, 0.0, 69,
0, 0.0, 18.431372549019606, 0.0, 69,
0, 0.0, 18.823529411764707, 0.0, 69,
0, 0.0, 18.431372549019606, 0.0, 69,
0, 0.0, 18.431372549019606, 0.0, 69,
0, 0.0, 18.431372549019606, 0.0, 69,
0, 0.0, 18.431372549019606, 0.0, 69,
0, 0.0, 18.431372549019606, 0.0, 69,
0, 0.0, 18.431372549019606, 0.0, 69,
0, 0.0, 18.431372549019606, 0.0, 69,
0, 0.0, 18.431372549019606, 0.0, 69,
0, 0.0, 18.431372549019606, 0.0, 69,
0, 0.0, 18.431372549019606, 0.0, 69,
0, 0.0, 18.431372549019606, 0.0, 69,
0, 0.0, 18.431372549019606, 