13, 957.5, 14.509803921568627, 19.215686274509803, 90,
12, 920.0, 14.509803921568627, 19.607843137254903, 90,
12, 887.0, 14.509803921568627, 20.392156862745097, 90,
12, 880.5, 14.509803921568627, 20.784313725490197, 90,
11, 837.5, 14.509803921568627, 21.568627450980394, 90,
10, 795.5, 14.117647058823529, 55.294117647058826, 90,
11, 814.5, 13.72549019607843, 25.88235294117647, 90,
11, 821.0, 14.117647058823529, 23.529411764705884, 90,
11, 816.5, 18.431372549019606, 52.94117647058823, 90,
12, 971.0, 18.823529411764707, 59.6078431372549, 90,
15, 1142.0, 20.0, 72.54901960784314, 90,
18, 1379.0, 28.627450980392158, 92.94117647058823, 90,
23, 1747.0, 31.372549019607842, 89.41176470588235, 90,
27, 1840.5, 16.470588235294116, 24.313725490196077, 90,
28, 1269.5, 17.647058823529413, 33.333333333333336, 90,
28, 1361.0, 17.647058823529413, 35.68627450980392, 90,
29, 1418.5, 16.862745098039216, 23.92156862745098, 90,
30, 1397.5, 15.294117647058824, 20.784313725490197, 90,
29, 1391.0, 15.294117647058824, 20.0, 90,
28, 1366.5, 15.294117647058824, 20.784313725490197, 90,
22, 1032.0, 14.117647058823529, 18.823529411764707, 90,
16, 794.5, 14.509803921568627, 26.274509803921568, 90,
8, 753.5, 14.901960784313726, 26.666666666666668, 90,
6, 689.0, 14.901960784313726, 29.41176470588235, 90,
6, 526.5, 15.686274509803921, 38.8235294117647, 90,
8, 582.0, 16.862745098039216, 65.88235294117646, 90,
10, 825.5, 70.98039215686275, 80.3921568627451, 90,
15, 1196.0, 26.274509803921568, 84.31372549019608, 90,
20, 1528.5, 22.352941176470587, 63.529411764705884, 90,
24, 1758.0, 16.470588235294116, 25.49019607843137, 90,
25, 1037.0, 14.509803921568627, 19.607843137254903, 90,
25, 855.5, 14.117647058823529, 20.0, 90,
25, 1209.5, 14.509803921568627, 17.647058823529413, 90,
25, 1219.0, 14.901960784313726, 18.03921568627451, 90,
25, 1188.0, 14.901960784313726, 18.03921568627451, 90,
26, 845.0, 14.117647058823529, 22.352941176470587, 90,
23, 695.0, 14.117647058823529, 25.098039215686274, 90,
19, 659.0, 14.117647058823529, 26.274509803921568, 90,
14, 649.0, 14.117647058823529, 26.274509803921568, 90,
9, 638.0, 14.117647058823529, 27.84313725490196, 90,
9, 697.5, 14.509803921568627, 28.235294117647058, 90,
10, 748.5, 22.745098039215687, 75.29411764705883, 90,
13, 963.0, 25.49019607843137, 78.82352941176471, 90,
15, 1190.0, 24.705882352941178, 85.09803921568627, 90,
18, 1310.0, 23.529411764705884, 78.43137254901961, 90,
20, 1499.0, 23.137254901960784, 72.94117647058823, 90,
21, 1596.0, 23.137254901960784, 53.333333333333336, 90,
21, 1687.0, 16.470588235294116, 22.352941176470587, 90,
19, 1078.5, 14.509803921568627, 20.784313725490197, 90,
18, 848.0, 17.647058823529413, 52.15686274509804, 90,
17, 838.5, 17.647058823529413, 43.13725490196079, 90,
17, 824.5, 14.509803921568627, 43.529411764705884, 90,
15, 740.5, 13.72549019607843, 32.15686274509804, 90,
13, 585.0, 14.117647058823529, 32.549019607843135, 90,
6, 302.0, 14.509803921568627, 58.03921568627451, 90,
3, 682.5, 13.72549019607843, 29.80392156862745, 90,
2, 639.0, 13.72549019607843, 28.235294117647058, 90,
1, 1265.5, 19.607843137254903, 48.627450980392155, 90,
5, 905.5, 20.0, 62.745098039215684, 90,
9, 1332.5, 17.254901960784313, 29.019607843137255, 90,
11, 1454.5, 19.607843137254903, 42.745098039215684, 90,
12, 1576.0, 20.392156862745097, 28.627450980392158, 90,
13, 1164.0, 14.509803921568627, 21.176470588235293, 90,
12, 939.5, 18.431372549019606, 50.19607843137255, 90,
13, 986.0, 18.823529411764707, 54.90196078431372, 90,
15, 1124.0, 13.72549019607843, 22.745098039215687, 90,
13, 953.0, 16.862745098039216, 35.294117647058826, 90,
13, 993.0, 16.862745098039216, 35.68627450980392, 90,
13, 996.5, 14.509803921568627, 20.392156862745097, 90,
13, 967.5, 14.117647058823529, 18.823529411764707, 90,
13, 964.0, 14.117647058823529, 18.03921568627451, 90,
13, 981.5, 14.117647058823529, 18.823529411764707, 90,
10, 768.0, 14.509803921568627, 29.41176470588235, 90,
8, 647.5, 14.901960784313726, 29.80392156862745, 90,
10, 778.5, 15.294117647058824, 32.94117647058823, 90,
12, 919.5, 16.862745098039216, 38.8235294117647, 90,
14, 1065.0, 14.901960784313726, 22.745098039215687, 90,
14, 1092.0, 14.509803921568627, 18.823529411764707, 90,
15, 1170.5, 14.901960784313726, 18.823529411764707, 90,
15, 1142.5, 14.509803921568627, 19.607843137254903, 90,
14, 1031.5, 14.117647058823529, 20.0, 90,
8, 557.5, 15.294117647058824, 38.431372549019606, 90,
8, 600.0, 14.901960784313726, 35.68627450980392, 90,
9, 771.5, 18.823529411764707, 60.78431372549019, 90,
12, 993.0, 14.901960784313726, 38.03921568627451, 90,
14, 1080.0, 15.294117647058824, 23.529411764705884, 90,
15, 1116.5, 14.901960784313726, 22.745098039215687, 90,
15, 1198.0, 18.03921568627451, 45.88235294117647, 90,
17, 1294.0, 18.823529411764707, 29.019607843137255, 90,
18, 1345.5, 14.901960784313726, 20.392156862745097, 90,
18, 1318.0, 14.901960784313726, 19.215686274509803, 90,
17, 1296.5, 14.901960784313726, 19.215686274509803, 90,
17, 1283.0, 14.901960784313726, 18.823529411764707, 90,
17, 1260.5, 14.901960784313726, 18.431372549019606, 89,
17, 1227.5, 14.509803921568627, 18.03921568627451, 89,
16, 1211.5, 14.509803921568627, 18.03921568627451, 89,
16, 1207.0, 14.509803921568627, 18.03921568627451, 89,
17, 1247.5, 14.509803921568627, 18.431372549019606, 88,
17, 1289.0, 14.901960784313726, 18.431372549019606, 88,
18, 1376.5, 14.901960784313726, 18.03921568627451, 88,
19, 1451.0, 15.294117647058824, 18.03921568627451, 88,
20, 1515.5, 15.686274509803921, 18.823529411764707, 88,
21, 1556.5, 16.07843137254902, 19.607843137254903, 88,
22, 1760.5, 18.431372549019606, 38.431372549019606, 88,
25, 1834.5, 19.607843137254903, 38.8235294117647, 87,
27, 2061.0, 17.254901960784313, 23.137254901960784, 87,
28, 2004.0, 17.647058823529413, 22.352941176470587, 87,
28, 2099.0, 17.647058823529413, 22.352941176470587, 87,
28, 2077.0, 17.647058823529413, 21.96078431372549, 87,
28, 2070.0, 17.647058823529413, 21.96078431372549, 87,
28, 2052.5, 17.647058823529413, 21.96078431372549, 87,
27, 2022.5, 17.254901960784313, 22.352941176470587, 87,
27, 1951.5, 17.254901960784313, 21.96078431372549, 87,
25, 1830.0, 16.862745098039216, 21.96078431372549, 87,
23, 1706.0, 16.07843137254902, 20.784313725490197, 87,
21, 1562.5, 15.686274509803921, 19.607843137254903, 87,
20, 1494.5, 15.686274509803921, 19.607843137254903, 87,
19, 1390.5, 15.294117647058824, 21.176470588235293, 87,
14, 924.5, 14.509803921568627, 20.784313725490197, 87,
8, 773.5, 14.509803921568627, 25.098039215686274, 87,
6, 626.5, 15.686274509803921, 68.62745098039215, 87,
7, 807.0, 66.27450980392157, 83.13725490196079, 87,
10, 1143.5, 58.03921568627451, 94.50980392156863, 87,
15, 1182.0, 49.411764705882355, 96.86274509803921, 87,
18, 1460.0, 28.627450980392158, 90.58823529411765, 87,
22, 1671.0, 26.666666666666668, 71.76470588235294, 87,
23, 1104.5, 14.509803921568627, 42.745098039215684, 87,
22, 1080.0, 19.607843137254903, 58.431372549019606, 87,
23, 1123.0, 21.96078431372549, 76.47058823529412, 87,
24, 1313.5, 22.745098039215687, 77.25490196078431, 88,
25, 1017.0, 14.509803921568627, 22.745098039215687, 88,
19, 980.5, 14.509803921568627, 23.92156862745098, 88,
13, 788.0, 14.117647058823529, 23.529411764705884, 89,
11, 813.5, 21.176470588235293, 64.70588235294117, 89,
12, 1059.5, 21.176470588235293, 70.98039215686275, 90,
13, 1036.0, 22.352941176470587, 75.29411764705883, 90,
16, 1234.0, 21.176470588235293, 71.37254901960785, 90,
16, 1241.0, 22.352941176470587, 78.03921568627452, 90,
18, 1331.0, 23.92156862745098, 81.17647058823529, 90,
20, 1467.5, 23.92156862745098, 75.68627450980392, 90,
21, 1461.0, 14.901960784313726, 21.568627450980394, 90,
20, 1014.5, 14.509803921568627, 20.784313725490197, 90,
15, 801.0, 14.117647058823529, 22.745098039215687, 90,
10, 677.5, 14.117647058823529, 25.49019607843137, 90,
7, 584.5, 16.862745098039216, 60.3921568627451, 90,
7, 758.0, 57.254901960784316, 79.6078431372549, 90,
9, 710.0, 87.84313725490196, 79.6078431372549, 90,
11, 862.0, 87.84313725490196, 83.52941176470588, 90,
14, 1100.0, 80.0, 94.90196078431373, 90,
17, 1304.5, 27.45098039215686, 89.01960784313725, 90,
20, 1539.5, 25.098039215686274, 78.43137254901961, 90,
23, 1726.0, 25.098039215686274, 27.84313725490196, 90,
23, 1303.5, 20.392156862745097, 61.96078431372549, 90,
22, 1089.5, 22.352941176470587, 74.90196078431373, 90,
23, 1167.5, 23.137254901960784, 80.0, 90,
24, 1280.5, 22.745098039215687, 78.82352941176471, 90,
25, 1315.0, 24.705882352941178, 83.92156862745098, 90,
26, 1819.0, 32.94117647058823, 94.50980392156863, 90,
27, 2378.5, 34.90196078431372, 98.03921568627452, 90,
30, 1441.0, 84.31372549019608, 98.82352941176471, 90,
32, 1545.5, 87.84313725490196, 99.6078431372549, 90,
34, 1651.0, 87.84313725490196, 99.2156862745098, 90,
36, 1736.5, 81.56862745098039, 98.82352941176471, 90,
38, 1834.0, 77.25490196078431, 97.25490196078431, 90,
39, 1890.0, 19.215686274509803, 45.09803921568628, 90,
39, 1871.0, 23.137254901960784, 64.31372549019608, 90,
40, 1918.5, 23.92156862745098, 67.84313725490196, 90,
41, 1961.0, 24.313725490196077, 69.41176470588235, 90,
42, 2015.5, 25.49019607843137, 76.47058823529412, 90,
43, 2064.0, 20.392156862745097, 18.431372549019606, 89,
42, 2052.5, 18.03921568627451, 58.03921568627451, 89,
43, 2042.5, 23.137254901960784, 60.78431372549019, 89,
43, 2056.0, 16.470588235294116, 18.431372549019606, 89,
42, 1986.5, 17.254901960784313, 21.568627450980394, 89,
40, 1988.0, 20.0, 44.705882352941174, 89,
40, 1923.5, 12.549019607843137, 19.215686274509803, 88,
39, 1196.5, 14.509803921568627, 19.607843137254903, 88,
36, 890.0, 14.509803921568627, 21.568627450980394, 88,
27, 757.5, 14.117647058823529, 24.313725490196077, 88,
16, 672.0, 14.117647058823529, 25.88235294117647, 88,
7, 645.0, 13.72549019607843, 28.235294117647058, 88,
5, 639.5, 14.117647058823529, 81.56862745098039, 88,
6, 690.0, 67.05882352941177, 80.3921568627451, 88,
7, 568.5, 87.84313725490196, 79.6078431372549, 88,
9, 757.0, 87.84313725490196, 79.6078431372549, 88,
12, 905.0, 87.84313725490196, 88.23529411764706, 88,
15, 1237.0, 87.84313725490196, 97.25490196078431, 89,
19, 1638.5, 87.84313725490196, 99.6078431372549, 89,
23, 1861.0, 16.470588235294116, 23.92156862745098, 89,
22, 1093.5, 21.96078431372549, 61.1764705882353, 89,
23, 2212.0, 23.92156862745098, 67.84313725490196, 89,
25, 1896.0, 25.098039215686274, 73.33333333333333, 88,
28, 2047.5, 16.470588235294116, 23.529411764705884, 88,
27, 1306.5, 19.607843137254903, 58.431372549019606, 88,
28, 1346.0, 20.392156862745097, 62.745098039215684, 88,
29, 1409.5, 21.568627450980394, 67.84313725490196, 88,
30, 1468.0, 21.568627450980394, 66.27450980392157, 88,
32, 1543.0, 21.96078431372549, 64.70588235294117, 88,
33, 1596.0, 21.96078431372549, 64.31372549019608, 88,
34, 1631.0, 22.352941176470587, 64.31372549019608, 88,
35, 1671.0, 22.352941176470587, 64.31372549019608, 88,
35, 1692.0, 16.07843137254902, 18.03921568627451, 88,
33, 1603.5, 20.0, 48.627450980392155, 88,
33, 1600.5, 20.784313725490197, 55.294117647058826, 88,
34, 1611.0, 20.784313725490197, 56.07843137254902, 88,
34, 1622.5, 21.176470588235293, 57.64705882352941, 88,
34, 1643.5, 21.176470588235293, 57.254901960784316, 88,
35, 1677.5, 21.176470588235293, 57.254901960784316, 88,
35, 1705.0, 21.568627450980394, 57.64705882352941, 88,
36, 1727.5, 16.07843137254902, 21.176470588235293, 88,
35, 1146.5, 14.509803921568627, 20.392156862745097, 88,
32, 972.5, 14.509803921568627, 21.176470588235293, 88,
23, 736.0, 14.117647058823529, 24.313725490196077, 88,
14, 652.5, 13.72549019607843, 27.45098039215686, 88,
11, 685.0, 14.117647058823529, 41.96078431372549, 89,
12, 920.0, 20.0, 63.92156862745098, 89,
14, 1102.0, 20.0, 63.13725490196079, 89,
17, 1278.0, 20.0, 58.8235294117647, 89,
19, 1417.0, 20.392156862745097, 55.68627450980392, 89,
21, 1574.5, 20.784313725490197, 54.11764705882353, 89,
23, 1757.5, 21.176470588235293, 56.07843137254902, 89,
25, 2039.0, 17.254901960784313, 21.96078431372549, 89,
25, 1912.5, 18.431372549019606, 31.764705882352942, 89,
26, 1879.0, 20.392156862745097, 45.490196078431374, 89,
28, 2073.0, 21.176470588235293, 44.705882352941174, 89,
29, 2266.0, 18.03921568627451, 22.745098039215687, 88,
28, 2059.5, 17.647058823529413, 21.96078431372549, 88,
27, 1988.5, 17.254901960784313, 21.568627450980394, 88,
27, 1907.5, 19.215686274509803, 29.41176470588235, 88,
28, 2054.5, 19.607843137254903, 33.72549019607843, 87,
29, 2150.5, 20.0, 32.15686274509804, 87,
30, 2065.5, 17.647058823529413, 22.352941176470587, 87,
29, 2115.5, 17.647058823529413, 21.96078431372549, 87,
28, 2136.0, 17.647058823529413, 21.96078431372549, 87,
29, 2109.5, 17.254901960784313, 21.96078431372549, 87,
29, 2131.0, 20.0, 34.90196078431372, 87,
30, 2274.5, 20.784313725490197, 37.254901960784316, 87,
31, 2230.5, 18.03921568627451, 24.313725490196077, 87,
31, 1158.5, 16.470588235294116, 19.215686274509803, 87,
29, 2097.5, 21.176470588235293, 43.529411764705884, 87,
31, 2344.0, 22.352941176470587, 47.05882352941177, 87,
33, 2414.5, 22.352941176470587, 45.09803921568628, 88,
34, 2530.0, 22.352941176470587, 43.529411764705884, 88,
35, 2610.5, 22.352941176470587, 33.333333333333336, 88,
36, 2568.5, 17.254901960784313, 19.215686274509803, 89,
34, 2502.5, 18.03921568627451, 21.176470588235293, 90,
32, 2352.0, 17.647058823529413, 22.745098039215687, 90,
31, 1883.5, 16.470588235294116, 22.745098039215687, 90,
26, 1045.5, 14.509803921568627, 20.784313725490197, 90,
22, 886.0, 14.117647058823529, 21.96078431372549, 90,
18, 716.0, 14.117647058823529, 65.09803921568627, 90,
18, 1938.5, 23.137254901960784, 71.76470588235294, 90,
21, 1608.0, 23.137254901960784, 69.01960784313725, 90,
24, 1820.0, 23.137254901960784, 64.70588235294117, 90,
26, 1949.0, 15.686274509803921, 18.03921568627451, 90,
26, 1858.0, 16.862745098039216, 21.96078431372549, 90,
24, 1800.0, 18.431372549019606, 30.980392156862745, 90,
24, 1758.0, 19.215686274509803, 37.254901960784316, 90,
24, 1749.5, 18.431372549019606, 29.019607843137255, 90,
23, 1741.5, 21.568627450980394, 56.470588235294116, 90,
23, 1778.0, 21.568627450980394, 55.294117647058826, 90,
25, 1864.5, 22.352941176470587, 60.0, 90,
26, 1946.0, 22.745098039215687, 61.1764705882353, 90,
28, 2052.5, 22.745098039215687, 56.86274509803921, 89,
29, 2133.0, 22.745098039215687, 55.294117647058826, 89,
30, 2190.0, 18.03921568627451, 17.647058823529413, 88,
29, 2178.5, 20.784313725490197, 48.627450980392155, 88,
29, 2162.0, 23.137254901960784, 25.88235294117647, 88,
30, 1582.0, 15.686274509803921, 20.784313725490197, 87,
25, 1034.0, 14.509803921568627, 20.0, 87,
21, 823.0, 14.117647058823529, 22.745098039215687, 87,
19, 1049.5, 22.352941176470587, 58.8235294117647, 87,
18, 992.5, 14.509803921568627, 21.568627450980394, 87,
18, 1224.0, 20.784313725490197, 64.31372549019608, 87,
19, 1461.0, 21.568627450980394, 64.70588235294117, 87,
21, 1590.5, 21.568627450980394, 60.3921568627451, 87,
23, 1719.0, 22.352941176470587, 61.1764705882353, 87,
24, 1781.5, 16.07843137254902, 20.784313725490197, 87,
24, 1759.0, 18.03921568627451, 24.313725490196077, 87,
23, 1355.5, 14.509803921568627, 20.392156862745097, 87,
18, 994.0, 14.509803921568627, 20.0, 87,
17, 1208.5, 18.823529411764707, 45.88235294117647, 88,
17, 1296.0, 20.0, 54.90196078431372, 88,
19, 1397.5, 19.607843137254903, 54.509803921568626, 88,
20, 1523.5, 20.392156862745097, 56.07843137254902, 88,
21, 1607.0, 23.92156862745098, 73.72549019607843, 89,
24, 1810.0, 25.098039215686274, 75.68627450980392, 89,
26, 2049.0, 19.215686274509803, 30.980392156862745, 90,
27, 1931.5, 19.215686274509803, 33.333333333333336, 90,
26, 1945.5, 20.784313725490197, 52.94117647058823, 90,
27, 1946.5, 22.745098039215687, 59.21568627450981, 90,
28, 2077.5, 17.254901960784313, 19.607843137254903, 90,
28, 2054.5, 16.470588235294116, 24.313725490196077, 90,
26, 1939.5, 17.647058823529413, 28.627450980392158, 90,
25, 1845.0, 16.07843137254902, 18.03921568627451, 90,
24, 1793.5, 21.176470588235293, 53.72549019607843, 90,
25, 1880.5, 21.568627450980394, 53.333333333333336, 90,
26, 1937.0, 21.568627450980394, 51.76470588235294, 90,
27, 2022.5, 22.352941176470587, 52.94117647058823, 89,
28, 2102.0, 21.96078431372549, 50.98039215686274, 89,
29, 2158.5, 22.352941176470587, 50.19607843137255, 89,
30, 2276.0, 22.352941176470587, 41.568627450980394, 88,
32, 2343.5, 22.745098039215687, 49.01960784313726, 88,
33, 2423.0, 18.823529411764707, 15.686274509803921, 88,
32, 2405.5, 20.0, 29.41176470588235, 88,
32, 2343.5, 20.392156862745097, 24.705882352941178, 87,
31, 1666.5, 15.686274509803921, 21.96078431372549, 87,
29, 958.0, 14.509803921568627, 21.568627450980394, 87,
27, 820.0, 14.117647058823529, 23.92156862745098, 87,
20, 701.0, 14.117647058823529, 26.274509803921568, 87,
18, 1119.5, 14.509803921568627, 20.784313725490197, 87,
12, 779.5, 13.72549019607843, 22.745098039215687, 87,
6, 662.5, 14.117647058823529, 25.49019607843137, 88,
4, 640.0, 14.117647058823529, 27.45098039215686, 88,
1, 640.5, 14.117647058823529, 28.235294117647058, 88,
0, 885.0, 23.137254901960784, 61.96078431372549, 88,
1, 2424.0, 22.745098039215687, 56.86274509803921, 88,
5, 1734.0, 20.392156862745097, 52.94117647058823, 88,
9, 1446.0, 20.392156862745097, 52.15686274509804, 88,
13, 1859.0, 13.333333333333334, 25.49019607843137, 88,
13, 1171.5, 14.509803921568627, 21.176470588235293, 89,
10, 887.0, 14.117647058823529, 33.333333333333336, 89,
10, 757.0, 17.254901960784313, 51.372549019607845, 89,
11, 885.5, 17.647058823529413, 50.19607843137255, 89,
12, 969.5, 18.03921568627451, 48.627450980392155, 90,
13, 995.0, 14.509803921568627, 21.568627450980394, 90,
12, 905.0, 15.294117647058824, 22.352941176470587, 90,
12, 816.0, 21.568627450980394, 70.19607843137256, 90,
13, 999.0, 23.529411764705884, 76.47058823529412, 90,
16, 1225.5, 21.568627450980394, 73.72549019607843, 90,
19, 1446.5, 22.352941176470587, 70.58823529411765, 90,
21, 1599.5, 22.745098039215687, 66.66666666666667, 90,
24, 1798.0, 23.529411764705884, 65.49019607843137, 90,
27, 1997.5, 15.294117647058824, 24.705882352941178, 90,
27, 1353.0, 20.0, 57.64705882352941, 90,
28, 1357.5, 22.352941176470587, 73.33333333333333, 90,
30, 1446.0, 22.745098039215687, 74.11764705882354, 90,
32, 1526.5, 23.137254901960784, 72.54901960784314, 90,
33, 1628.0, 23.92156862745098, 73.72549019607843, 90,
36, 1724.0, 24.313725490196077, 73.72549019607843, 90,
38, 1833.0, 24.313725490196077, 70.19607843137256, 90,
39, 1930.5, 16.862745098039216, 19.607843137254903, 90,
38, 1847.0, 17.647058823529413, 24.705882352941178, 90,
38, 1833.5, 18.431372549019606, 31.764705882352942, 90,
38, 1834.0, 18.823529411764707, 31.372549019607842, 90,
39, 1871.5, 18.823529411764707, 31.372549019607842, 89,
38, 1898.0, 16.862745098039216, 19.215686274509803, 89,
37, 1706.0, 16.862745098039216, 20.784313725490197, 89,
36, 1736.5, 16.470588235294116, 20.392156862745097, 88,
35, 1768.0, 17.254901960784313, 28.627450980392158, 88,
35, 1640.0, 16.470588235294116, 24.313725490196077, 88,
31, 1047.5, 14.509803921568627, 20.0, 88,
22, 902.5, 14.117647058823529, 23.137254901960784, 88,
18, 735.0, 14.117647058823529, 39.6078431372549, 87,
17, 1352.0, 22.352941176470587, 68.62745098039215, 87,
21, 1614.0, 22.745098039215687, 67.45098039215686, 87,
24, 1848.0, 23.529411764705884, 65.88235294117646, 87,
27, 2041.5, 23.92156862745098, 63.529411764705884, 87,
31, 2310.0, 24.705882352941178, 62.35294117647059, 87,
34, 2539.5, 25.098039215686274, 58.431372549019606, 87,
37, 2763.0, 25.88235294117647, 50.98039215686274, 87,
39, 2311.0, 17.647058823529413, 22.745098039215687, 88,
38, 1844.0, 21.176470588235293, 51.76470588235294, 88,
40, 1916.5, 22.745098039215687, 64.31372549019608, 88,
42, 2014.5, 24.313725490196077, 69.41176470588235, 88,
44, 2031.5, 16.862745098039216, 23.92156862745098, 89,
44, 1566.0, 23.529411764705884, 73.72549019607843, 90,
46, 1614.0, 24.705882352941178, 80.3921568627451, 90,
47, 1680.0, 28.627450980392158, 88.23529411764706, 90,
50, 1762.0, 12.156862745098039, 26.666666666666668, 90,
50, 1135.5, 14.509803921568627, 25.098039215686274, 90,
50, 1379.5, 20.392156862745097, 61.568627450980394, 90,
51, 1411.5, 20.784313725490197, 64.31372549019608, 90,
52, 1420.5, 14.901960784313726, 35.68627450980392, 90,
52, 1441.0, 22.745098039215687, 24.705882352941178, 90,
52, 1172.0, 14.509803921568627, 19.607843137254903, 90,
47, 977.5, 14.117647058823529, 19.607843137254903, 90,
39, 759.5, 14.117647058823529, 22.352941176470587, 90,
32, 672.0, 13.72549019607843, 24.705882352941178, 90,
24, 644.0, 13.72549019607843, 25.49019607843137, 90,
14, 638.0, 13.72549019607843, 27.84313725490196, 90,
11, 802.0, 13.72549019607843, 36.86274509803921, 90,
11, 897.0, 22.745098039215687, 77.25490196078431, 90,
15, 1193.0, 24.313725490196077, 84.31372549019608, 90,
19, 1512.0, 27.058823529411764, 87.05882352941177, 90,
24, 1784.5, 31.372549019607842, 92.54901960784314, 90,
29, 2170.5, 25.098039215686274, 29.41176470588235, 90,
30, 1546.5, 21.96078431372549, 70.98039215686275, 90,
32, 1531.5, 23.92156862745098, 75.29411764705883, 90,
34, 1653.0, 24.705882352941178, 76.86274509803921, 90,
37, 1686.0, 16.07843137254902, 22.745098039215687, 90,
37, 1080.0, 14.509803921568627, 19.215686274509803, 90,
36, 905.0, 14.117647058823529, 21.568627450980394, 90,
32, 728.5, 13.72549019607843, 23.529411764705884, 89,
24, 660.0, 13.72549019607843, 25.098039215686274, 89,
12, 636.5, 13.72549019607843, 28.627450980392158, 89,
11, 754.5, 19.215686274509803, 61.96078431372549, 89,
14, 1053.0, 21.176470588235293, 71.76470588235294, 89,
17, 1316.5, 21.96078431372549, 70.19607843137256, 89,
21, 1576.5, 22.745098039215687, 65.88235294117646, 89,
25, 1839.5, 23.137254901960784, 65.49019607843137, 88,
28, 2096.0, 23.92156862745098, 61.1764705882353, 88,
31, 2351.0, 19.215686274509803, 43.92156862745098, 88,
34, 2481.0, 23.529411764705884, 50.588235294117645, 88,
36, 2428.5, 18.03921568627451, 23.92156862745098, 87,
36, 1810.0, 19.215686274509803, 52.15686274509804, 87,
37, 1791.5, 23.137254901960784, 66.27450980392157, 87,
39, 1889.5, 21.568627450980394, 39.21568627450981, 87,
41, 1974.0, 23.529411764705884, 57.254901960784316, 87,
43, 2053.5, 22.745098039215687, 63.92156862745098, 87,
45, 2135.0, 25.49019607843137, 72.54901960784314, 87,
47, 2246.5, 25.88235294117647, 70.98039215686275, 87,
49, 2142.0, 17.254901960784313, 23.137254901960784, 87,
49, 1705.5, 27.058823529411764, 84.31372549019608, 87,
51, 1796.5, 28.627450980392158, 87.05882352941177, 87,
53, 1862.5, 30.58823529411765, 90.58823529411765, 88,
55, 1946.0, 33.72549019607843, 92.94117647058823, 88,
57, 2014.0, 33.72549019607843, 40.78431372549019, 89,
58, 1375.5, 14.509803921568627, 20.392156862745097, 90,
58, 1690.5, 22.352941176470587, 66.27450980392157, 90,
59, 1633.0, 26.666666666666668, 90.58823529411765, 90,
60, 1663.0, 36.86274509803921, 96.86274509803921, 90,
61, 1704.5, 40.3921568627451, 96.47058823529412, 90,
63, 1753.0, 40.0, 96.47058823529412, 91,
64, 1786.0, 39.21568627450981, 66.66666666666667, 91,
65, 1746.0, 15.686274509803921, 59.21568627450981, 91,
65, 1781.0, 16.470588235294116, 59.21568627450981, 91,
65, 1633.5, 15.686274509803921, 20.784313725490197, 91,
61, 1009.5, 14.509803921568627, 21.176470588235293, 91,
57, 820.5, 14.117647058823529, 23.137254901960784, 91,
54, 698.0, 13.72549019607843, 25.49019607843137, 90,
45, 654.5, 13.72549019607843, 27.84313725490196, 90,
43, 1229.0, 18.823529411764707, 55.294117647058826, 90,
44, 1210.5, 20.392156862745097, 71.37254901960785, 90,
44, 1225.5, 14.117647058823529, 23.92156862745098, 90,
40, 814.0, 14.117647058823529, 25.49019607843137, 90,
38, 824.0, 18.823529411764707, 63.13725490196079, 90,
39, 1073.0, 22.745098039215687, 79.6078431372549, 90,
40, 1103.0, 24.705882352941178, 83.92156862745098, 90,
41, 1139.0, 9.803921568627452, 24.313725490196077, 90,
41, 955.5, 14.117647058823529, 21.568627450980394, 90,
35, 758.0, 14.117647058823529, 24.313725490196077, 90,
36, 717.5, 14.117647058823529, 23.529411764705884, 90,
37, 1038.5, 18.431372549019606, 37.64705882352941, 90,
37, 1043.5, 16.862745098039216, 36.07843137254902, 90,
38, 1101.0, 14.117647058823529, 19.215686274509803, 89,
39, 1029.5, 14.509803921568627, 22.352941176470587, 89,
35, 805.0, 14.117647058823529, 22.745098039215687, 88,
28, 663.0, 13.72549019607843, 24.313725490196077, 88,
24, 665.0, 13.72549019607843, 25.49019607843137, 88,
23, 649.0, 13.72549019607843, 25.88235294117647, 88,
21, 647.0, 13.72549019607843, 26.666666666666668, 88,
20, 640.0, 13.72549019607843, 27.45098039215686, 88,
20, 634.0, 13.72549019607843, 27.84313725490196, 88,
18, 649.0, 13.72549019607843, 27.45098039215686, 88,
17, 662.5, 13.72549019607843, 25.88235294117647, 88,
15, 643.0, 13.72549019607843, 26.666666666666668, 88,
15, 721.5, 13.72549019607843, 23.529411764705884, 88,
16, 873.5, 13.333333333333334, 21.96078431372549, 88,
16, 1130.0, 18.431372549019606, 47.84313725490196, 88,
17, 1217.5, 19.607843137254903, 41.96078431372549, 88,
18, 1408.5, 20.0, 54.90196078431372, 87,
20, 1521.5, 12.156862745098039, 24.705882352941178, 87,
20, 1085.5, 14.509803921568627, 20.0, 87,
17, 859.5, 14.117647058823529, 21.96078431372549, 87,
16, 723.0, 13.72549019607843, 21.568627450980394, 87,
15, 1255.0, 18.823529411764707, 51.76470588235294, 87,
16, 1218.5, 19.215686274509803, 53.333333333333336, 87,
19, 1408.0, 19.607843137254903, 50.19607843137255, 87,
20, 1454.0, 15.294117647058824, 19.607843137254903, 87,
18, 1332.0, 14.901960784313726, 20.0, 87,
16, 1033.0, 14.509803921568627, 19.607843137254903, 87,
13, 827.5, 14.117647058823529, 21.96078431372549, 87,
11, 805.5, 14.117647058823529, 21.568627450980394, 87,
10, 804.0, 17.254901960784313, 42.745098039215684, 87,
11, 833.0, 16.07843137254902, 36.07843137254902, 87,
12, 879.5, 16.470588235294116, 35.294117647058826, 87,
13, 997.0, 16.470588235294116, 38.03921568627451, 87,
13, 1002.0, 19.607843137254903, 64.31372549019608, 87,
16, 1202.5, 20.784313725490197, 67.05882352941177, 87,
17, 1327.0, 23.529411764705884, 83.52941176470588, 87,
19, 1423.5, 27.84313725490196, 90.98039215686275, 88,
21, 1541.0, 21.96078431372549, 65.49019607843137, 88,
22, 1589.5, 21.96078431372549, 65.09803921568627, 88,
22, 1655.0, 15.294117647058824, 31.372549019607842, 88,
20, 1537.5, 21.176470588235293, 63.13725490196079, 89,
22, 1666.0, 21.96078431372549, 62.35294117647059, 90,
24, 1768.5, 22.745098039215687, 62.35294117647059, 90,
26, 1910.0, 22.745098039215687, 66.66666666666667, 90,
27, 2054.5, 25.88235294117647, 74.90196078431373, 90,
29, 1595.0, 15.294117647058824, 25.88235294117647, 90,
28, 1326.0, 21.96078431372549, 73.33333333333333, 90,
29, 1385.5, 20.784313725490197, 70.98039215686275, 90,
29, 1425.0, 23.137254901960784, 77.6470588235294, 90,
30, 1655.0, 25.49019607843137, 90.98039215686275, 90,
31, 1685.0, 32.15686274509804, 91.76470588235294, 90,
33, 2362.5, 34.11764705882353, 88.62745098039215, 90,
35, 2249.0, 31.372549019607842, 91.37254901960785, 90,
37, 1778.0, 32.15686274509804, 92.15686274509804, 90,
39, 1869.0, 24.705882352941178, 27.058823529411764, 90,
40, 1153.5, 14.509803921568627, 20.392156862745097, 90,
35, 931.0, 14.117647058823529, 20.0, 90,
29, 746.5, 13.72549019607843, 24.313725490196077, 90,
25, 939.5, 20.0, 40.78431372549019, 90,
24, 1851.0, 23.137254901960784, 64.70588235294117, 90,
27, 1978.0, 23.92156862745098, 65.09803921568627, 90,
28, 2121.5, 24.313725490196077, 64.70588235294117, 90,
31, 2286.0, 24.313725490196077, 61.1764705882353, 90,
33, 2385.0, 22.352941176470587, 45.88235294117647, 89,
34, 2506.5, 23.137254901960784, 47.450980392156865, 89,
35, 2001.0, 17.254901960784313, 22.745098039215687, 89,
35, 1155.0, 14.901960784313726, 20.392156862745097, 88,
34, 896.0, 14.509803921568627, 21.568627450980394, 88,
32, 749.0, 14.117647058823529, 24.705882352941178, 88,
31, 672.5, 13.72549019607843, 24.313725490196077, 88,
31, 2191.0, 21.96078431372549, 52.549019607843135, 88,
32, 2343.0, 23.529411764705884, 52.94117647058823, 88,
34, 2522.0, 23.529411764705884, 50.588235294117645, 88,
36, 2706.5, 24.313725490196077, 50.98039215686274, 88,
39, 2911.0, 26.274509803921568, 24.705882352941178, 88,
40, 2067.0, 22.352941176470587, 56.86274509803921, 87,
41, 2025.5, 23.529411764705884, 61.96078431372549, 87,
44, 2127.5, 23.137254901960784, 59.6078431372549, 87,
46, 2193.5, 23.137254901960784, 54.90196078431372, 88,
48, 2309.5, 22.352941176470587, 49.411764705882355, 88,
49, 2374.5, 22.745098039215687, 47.450980392156865, 88,
51, 2421.0, 16.862745098039216, 19.215686274509803, 89,
50, 2403.0, 18.03921568627451, 20.0, 89,
50, 2357.0, 17.647058823529413, 19.607843137254903, 90,
48, 2307.0, 17.647058823529413, 19.607843137254903, 90,
48, 2289.0, 17.647058823529413, 20.392156862745097, 90,
47, 2267.0, 17.647058823529413, 20.392156862745097, 90,
47, 2223.0, 24.313725490196077, 62.35294117647059, 90,
48, 2305.5, 25.098039215686274, 64.31372549019608, 90,
50, 2280.0, 17.647058823529413, 23.137254901960784, 89,
49, 1178.0, 14.509803921568627, 19.215686274509803, 89,
43, 973.5, 14.117647058823529, 20.392156862745097, 88,
38, 806.0, 14.117647058823529, 22.745098039215687, 88,
32, 692.0, 14.117647058823529, 24.705882352941178, 88,
24, 649.5, 13.72549019607843, 25.49019607843137, 88,
16, 642.5, 13.72549019607843, 25.88235294117647, 88,
13, 645.0, 14.117647058823529, 22.745098039215687, 88,
13, 975.0, 19.215686274509803, 57.64705882352941, 88,
14, 1112.0, 17.254901960784313, 39.21568627450981, 88,
16, 1279.0, 21.176470588235293, 66.27450980392157, 88,
20, 1498.5, 23.137254901960784, 69.41176470588235, 88,
24, 1836.5, 23.92156862745098, 70.58823529411765, 88,
28, 2114.5, 30.58823529411765, 90.19607843137256, 88,
32, 2400.5, 34.509803921568626, 89.41176470588235, 88,
38, 2783.5, 32.15686274509804, 52.15686274509804, 88,
41, 2279.0, 22.745098039215687, 61.568627450980394, 88,
43, 2068.0, 28.235294117647058, 82.3529411764706, 87,
44, 1961.0, 15.686274509803921, 19.215686274509803, 87,
40, 1912.0, 36.07843137254902, 98.43137254901961, 88,
43, 2061.0, 86.66666666666667, 99.6078431372549, 88,
47, 1869.0, 16.470588235294116, 23.137254901960784, 89,
47, 2423.0, 26.274509803921568, 80.0, 89,
49, 2371.5, 71.37254901960785, 99.6078431372549, 90,
54, 2578.5, 87.84313725490196, 99.6078431372549, 90,
58, 2807.0, 87.84313725490196, 96.47058823529412, 90,
62, 2995.0, 87.84313725490196, 92.54901960784314, 90,
66, 3193.0, 40.3921568627451, 36.86274509803921, 90,
67, 2439.0, 17.647058823529413, 22.352941176470587, 90,
64, 1314.5, 14.509803921568627, 21.176470588235293, 90,
62, 890.5, 14.117647058823529, 21.96078431372549, 90,
60, 3180.5, 26.274509803921568, 63.13725490196079, 90,
62, 3000.0, 32.15686274509804, 78.82352941176471, 90,
65, 3075.5, 33.333333333333336, 71.37254901960785, 90,
67, 3176.0, 28.235294117647058, 64.31372549019608, 90,
69, 3273.5, 31.764705882352942, 70.19607843137256, 89,
71, 3392.0, 22.352941176470587, 19.607843137254903, 89,
71, 2444.0, 18.431372549019606, 21.568627450980394, 88,
69, 1210.5, 14.509803921568627, 20.392156862745097, 88,
65, 947.5, 14.117647058823529, 20.784313725490197, 88,
56, 791.5, 14.117647058823529, 23.529411764705884, 88,
49, 678.5, 13.72549019607843, 25.49019607843137, 88,
43, 641.0, 13.72549019607843, 25.88235294117647, 88,
36, 640.5, 13.72549019607843, 26.274509803921568, 88,
31, 646.0, 13.72549019607843, 26.666666666666668, 88,
29, 639.0, 13.72549019607843, 27.058823529411764, 88,
21, 643.0, 13.72549019607843, 26.666666666666668, 89,
12, 616.5, 13.72549019607843, 53.72549019607843, 89,
11, 871.5, 22.745098039215687, 72.15686274509804, 89,
14, 1027.5, 22.352941176470587, 83.52941176470588, 89,
15, 1133.0, 25.49019607843137, 87.45098039215686, 90,
19, 1411.0, 30.19607843137255, 92.94117647058823, 90,
22, 1669.0, 29.41176470588235, 91.37254901960785, 90,
25, 1911.5, 69.01960784313725, 99.6078431372549, 89,
30, 2225.0, 40.3921568627451, 96.86274509803921, 89,
34, 2241.0, 17.254901960784313, 57.254901960784316, 89,
34, 1627.5, 29.41176470588235, 94.90196078431373, 89,
35, 1699.0, 79.6078431372549, 98.03921568627452, 89,
37, 1792.0, 87.84313725490196, 97.6470588235294, 89,
39, 1895.5, 87.84313725490196, 98.03921568627452, 89,
41, 1975.0, 87.84313725490196, 99.6078431372549, 89,
43, 2073.0, 28.627450980392158, 40.3921568627451, 89,
44, 2110.5, 25.098039215686274, 70.58823529411765, 88,
45, 2158.5, 25.49019607843137, 70.98039215686275, 89,
45, 2176.0, 20.392156862745097, 37.254901960784316, 88,
45, 2149.0, 22.745098039215687, 38.8235294117647, 88,
44, 2130.5, 16.470588235294116, 18.823529411764707, 88,
42, 1691.0, 14.901960784313726, 20.784313725490197, 88,
39, 1052.0, 14.509803921568627, 19.607843137254903, 88,
35, 867.0, 14.117647058823529, 22.352941176470587, 88,
31, 703.0, 14.117647058823529, 25.098039215686274, 88,
29, 653.5, 13.72549019607843, 26.274509803921568, 88,
26, 644.5, 13.72549019607843, 27.058823529411764, 88,
23, 643.0, 13.72549019607843, 26.666666666666668, 88,
22, 650.0, 13.72549019607843, 25.88235294117647, 88,
22, 648.0, 13.72549019607843, 27.058823529411764, 88,
20, 633.5, 13.72549019607843, 27.45098039215686, 89,
19, 655.5, 13.72549019607843, 35.68627450980392, 89,
18, 1329.5, 20.0, 61.1764705882353, 89,
20, 1511.5, 21.568627450980394, 61.568627450980394, 89,
23, 1715.5, 23.92156862745098, 71.76470588235294, 89,
25, 1816.5, 16.470588235294116, 25.098039215686274, 89,
24, 1734.0, 16.07843137254902, 26.666666666666668, 89,
24, 1768.0, 19.607843137254903, 42.745098039215684, 88,
25, 1867.0, 20.392156862745097, 45.88235294117647, 88,
26, 1965.5, 20.392156862745097, 44.705882352941174, 88,
28, 2050.0, 23.137254901960784, 58.431372549019606, 88,
30, 2149.5, 17.647058823529413, 22.745098039215687, 88,
30, 1275.5, 21.176470588235293, 59.6078431372549, 88,
30, 1436.0, 20.784313725490197, 60.0, 88,
31, 1501.5, 20.784313725490197, 58.8235294117647, 88,
32, 1517.5, 15.686274509803921, 16.470588235294116, 88,
31, 1476.5, 15.686274509803921, 19.215686274509803, 88,
29, 1408.0, 15.294117647058824, 19.215686274509803, 88,
28, 1065.0, 14.509803921568627, 20.392156862745097, 88,
24, 881.5, 14.117647058823529, 21.568627450980394, 88,
20, 752.5, 21.176470588235293, 64.70588235294117, 88,
20, 1553.0, 23.92156862745098, 76.86274509803921, 88,
23, 1795.0, 25.49019607843137, 72.54901960784314, 88,
26, 1954.5, 24.705882352941178, 68.62745098039215, 88,
30, 2230.0, 20.392156862745097, 25.49019607843137, 88,
30, 1443.5, 15.294117647058824, 20.784313725490197, 88,
30, 1114.5, 15.294117647058824, 51.372549019607845, 88,
30, 1441.5, 20.784313725490197, 59.6078431372549, 88,
31, 1505.5, 16.470588235294116, 24.313725490196077, 88,
31, 1145.5, 14.509803921568627, 20.0, 88,
30, 976.0, 18.431372549019606, 35.294117647058826, 88,
30, 1449.0, 19.215686274509803, 50.98039215686274, 89,
31, 1507.0, 20.0, 51.76470588235294, 89,
33, 1561.0, 15.686274509803921, 17.254901960784313, 89,
32, 1551.5, 16.07843137254902, 21.176470588235293, 89,
32, 1498.5, 17.647058823529413, 27.058823529411764, 90,
33, 1558.0, 19.215686274509803, 40.3921568627451, 90,
33, 1558.5, 15.686274509803921, 16.862745098039216, 90,
33, 1569.5, 16.07843137254902, 19.607843137254903, 90,
32, 1531.5, 16.07843137254902, 19.215686274509803, 90,
31, 1478.5, 15.686274509803921, 18.823529411764707, 90,
30, 1443.5, 15.686274509803921, 19.215686274509803, 89,
29, 1407.0, 15.294117647058824, 19.215686274509803, 89,
29, 1381.5, 15.294117647058824, 18.823529411764707, 89,
28, 1329.5, 15.294117647058824, 24.705882352941178, 89,
28, 1355.5, 14.901960784313726, 18.03921568627451, 88,
29, 1344.5, 15.294117647058824, 18.823529411764707, 88,
28, 1381.0, 19.607843137254903, 60.0, 88,
30, 1459.5, 21.176470588235293, 63.13725490196079, 88,
32, 1565.0, 14.901960784313726, 18.03921568627451, 88,
32, 1544.5, 16.07843137254902, 20.784313725490197, 88,
32, 1588.0, 18.823529411764707, 42.35294117647059, 87,
32, 1547.0, 15.686274509803921, 23.529411764705884, 87,
32, 1502.0, 15.686274509803921, 15.294117647058824, 87,
32, 1527.5, 16.07843137254902, 45.490196078431374, 87,
33, 1560.5, 20.392156862745097, 30.980392156862745, 87,
34, 1636.0, 21.176470588235293, 58.8235294117647, 87,
36, 1740.5, 23.137254901960784, 66.27450980392157, 87,
38, 1855.0, 23.529411764705884, 65.88235294117646, 87,
41, 1971.0, 21.568627450980394, 22.745098039215687, 87,
42, 2011.0, 15.686274509803921, 39.21568627450981, 88,
42, 2005.0, 16.862745098039216, 32.549019607843135, 88,
43, 2043.0, 21.176470588235293, 35.68627450980392, 88,
43, 2073.0, 20.392156862745097, 38.03921568627451, 88,
45, 2122.0, 24.313725490196077, 57.64705882352941, 89,
46, 2209.5, 23.92156862745098, 62.745098039215684, 90,
47, 2270.5, 16.862745098039216, 14.901960784313726, 90,
47, 2223.5, 23.137254901960784, 39.6078431372549, 90,
47, 2252.5, 21.568627450980394, 44.705882352941174, 90,
48, 2301.0, 21.568627450980394, 46.27450980392157, 90,
49, 2343.5, 16.470588235294116, 15.686274509803921, 90,
50, 2374.5, 21.96078431372549, 22.352941176470587, 90,
50, 2381.0, 21.176470588235293, 24.705882352941178, 90,
50, 2410.5, 16.470588235294116, 14.117647058823529, 90,
49, 2364.5, 16.862745098039216, 14.117647058823529, 90,
48, 2304.5, 18.03921568627451, 22.352941176470587, 90,
47, 2251.0, 18.03921568627451, 20.784313725490197, 90,
46, 2202.5, 17.647058823529413, 22.745098039215687, 89,
45, 2155.5, 17.647058823529413, 20.392156862745097, 88,
44, 2108.0, 17.647058823529413, 20.784313725490197, 88,
43, 2065.0, 17.254901960784313, 21.176470588235293, 87,
42, 2020.5, 17.254901960784313, 21.176470588235293, 87,
42, 1991.0, 17.254901960784313, 21.568627450980394, 87,
41, 1954.0, 17.254901960784313, 21.568627450980394, 87,
40, 1916.5, 16.862745098039216, 21.176470588235293, 87,
39, 1862.0, 16.862745098039216, 21.568627450980394, 86,
38, 1807.5, 16.470588235294116, 20.784313725490197, 87,
37, 1761.5, 16.470588235294116, 20.392156862745097, 87,
36, 1730.0, 16.470588235294116, 20.0, 87,
35, 1685.5, 16.07843137254902, 20.0, 87,
34, 1149.5, 14.509803921568627, 19.215686274509803, 87,
28, 906.5, 14.117647058823529, 21.176470588235293, 87,
28, 767.0, 14.117647058823529, 23.137254901960784, 87,
25, 682.0, 13.72549019607843, 25.49019607843137, 87,
22, 644.5, 20.392156862745097, 40.78431372549019, 87,
22, 1081.0, 19.607843137254903, 55.68627450980392, 87,
24, 1155.0, 21.568627450980394, 76.07843137254902, 87,
25, 1186.5, 25.88235294117647, 94.50980392156863, 87,
28, 1343.0, 80.7843137254902, 98.03921568627452, 87,
31, 1451.5, 87.84313725490196, 98.82352941176471, 88,
33, 1613.5, 87.84313725490196, 98.82352941176471, 88,
36, 1719.5, 15.294117647058824, 48.627450980392155, 88,
37, 1772.0, 20.784313725490197, 20.0, 89,
37, 1739.0, 16.07843137254902, 19.215686274509803, 90,
35, 1690.5, 20.392156862745097, 48.627450980392155, 90,
36, 1722.5, 21.176470588235293, 25.88235294117647, 90,
36, 1710.0, 15.686274509803921, 18.823529411764707, 90,
34, 1657.0, 21.568627450980394, 24.313725490196077, 90,
34, 1660.5, 16.07843137254902, 18.431372549019606, 90,
34, 1640.5, 20.392156862745097, 50.98039215686274, 90,
34, 1645.0, 21.176470588235293, 56.470588235294116, 90,
35, 1685.5, 16.470588235294116, 20.784313725490197, 90,
35, 1705.5, 21.176470588235293, 47.84313725490196, 90,
36, 1732.0, 21.176470588235293, 54.90196078431372, 90,
37, 1788.0, 21.568627450980394, 21.176470588235293, 90,
37, 1785.0, 16.470588235294116, 20.392156862745097, 90,
37, 1737.5, 16.470588235294116, 22.745098039215687, 90,
36, 1709.5, 16.07843137254902, 19.607843137254903, 90,
35, 1738.0, 17.647058823529413, 32.549019607843135, 89,
35, 1649.5, 16.07843137254902, 18.823529411764707, 88,
35, 1670.0, 16.470588235294116, 20.392156862745097, 88,
34, 1634.0, 16.07843137254902, 19.215686274509803, 87,
33, 1590.5, 16.07843137254902, 15.686274509803921, 87,
32, 1574.5, 20.784313725490197, 27.45098039215686, 87,
33, 1423.5, 27.84313725490196, 89.80392156862744, 87,
35, 1830.0, 13.333333333333334, 19.215686274509803, 87,
37, 1786.0, 18.823529411764707, 37.64705882352941, 87,
39, 1851.0, 19.607843137254903, 36.86274509803921, 86,
40, 1898.0, 17.254901960784313, 23.137254901960784, 87,
41, 1079.5, 14.509803921568627, 19.215686274509803, 87,
41, 894.5, 14.509803921568627, 21.176470588235293, 87,
42, 789.5, 14.117647058823529, 16.470588235294116, 87,
41, 2038.5, 16.862745098039216, 32.94117647058823, 87,
41, 1977.5, 20.784313725490197, 46.27450980392157, 87,
43, 2037.5, 20.0, 26.666666666666668, 87,
43, 2060.0, 17.647058823529413, 21.176470588235293, 87,
43, 2049.0, 17.647058823529413, 24.705882352941178, 87,
42, 2014.0, 17.254901960784313, 21.176470588235293, 88,
42, 2022.5, 18.823529411764707, 32.549019607843135, 88,
43, 2041.0, 16.470588235294116, 17.647058823529413, 88,
40, 1879.5, 16.862745098039216, 23.137254901960784, 88,
38, 1775.0, 16.470588235294116, 21.176470588235293, 89,
35, 1646.5, 15.686274509803921, 20.0, 90,
33, 1595.0, 15.686274509803921, 18.431372549019606, 90,
32, 1507.5, 18.431372549019606, 33.333333333333336, 90,
33, 1580.0, 22.352941176470587, 64.31372549019608, 90,
35, 1674.5, 23.529411764705884, 71.76470588235294, 90,
36, 1755.5, 25.098039215686274, 76.07843137254902, 90,
39, 1860.0, 26.274509803921568, 78.43137254901961, 90,
41, 1972.0, 26.666666666666668, 78.43137254901961, 90,
43, 2070.5, 26.274509803921568, 75.29411764705883, 90,
45, 2178.5, 26.274509803921568, 73.72549019607843, 90,
47, 2242.0, 26.274509803921568, 36.470588235294116, 90,
48, 1809.5, 16.07843137254902, 21.568627450980394, 90,
46, 1103.5, 19.607843137254903, 21.568627450980394, 90,
44, 2414.5, 18.431372549019606, 21.568627450980394, 89,
43, 2012.0, 22.352941176470587, 53.333333333333336, 89,
44, 2106.0, 24.313725490196077, 65.09803921568627, 88,
46, 2179.0, 24.313725490196077, 61.96078431372549, 88,
46, 2266.5, 17.647058823529413, 20.784313725490197, 88,
44, 2097.5, 17.647058823529413, 21.176470588235293, 87,
43, 2040.0, 17.254901960784313, 21.568627450980394, 87,
41, 1946.0, 17.254901960784313, 21.568627450980394, 87,
40, 1856.5, 18.823529411764707, 30.19607843137255, 87,
40, 1910.5, 21.96078431372549, 56.86274509803921, 87,
41, 1955.5, 22.352941176470587, 35.294117647058826, 87,
41, 1946.5, 17.647058823529413, 21.176470588235293, 87,
40, 1931.0, 17.254901960784313, 20.392156862745097, 87,
40, 1902.5, 17.647058823529413, 21.96078431372549, 88,
39, 1867.0, 17.647058823529413, 22.745098039215687, 88,
39, 1867.5, 17.647058823529413, 24.705882352941178, 88,
39, 1861.0, 19.607843137254903, 34.90196078431372, 89,
39, 1818.5, 16.862745098039216, 21.176470588235293, 89,
37, 1783.0, 16.470588235294116, 20.392156862745097, 90,
36, 1719.5, 16.470588235294116, 20.392156862745097, 90,
35, 1654.0, 16.07843137254902, 19.215686274509803, 90,
34, 1593.0, 16.07843137254902, 19.607843137254903, 90,
32, 1543.5, 15.686274509803921, 19.215686274509803, 90,
31, 1519.0, 16.862745098039216, 22.745098039215687, 90,
31, 1454.5, 16.862745098039216, 23.529411764705884, 90,
31, 1477.0, 20.0, 54.509803921568626, 90,
32, 1537.5, 20.784313725490197, 55.294117647058826, 90,
33, 1459.0, 16.07843137254902, 20.392156862745097, 90,
29, 1424.5, 15.294117647058824, 20.392156862745097, 89,
27, 1311.0, 14.901960784313726, 21.176470588235293, 89,
27, 1246.5, 18.823529411764707, 51.372549019607845, 89,
27, 1348.5, 18.823529411764707, 49.80392156862745, 88,
29, 1394.0, 21.176470588235293, 61.1764705882353, 88,
30, 1457.5, 20.784313725490197, 60.3921568627451, 88,
32, 1531.0, 21.176470588235293, 59.6078431372549, 88,
34, 1620.0, 21.96078431372549, 60.0, 87,
36, 1723.5, 22.745098039215687, 63.529411764705884, 87,
38, 1806.5, 23.529411764705884, 66.66666666666667, 87,
40, 1939.0, 23.92156862745098, 67.84313725490196, 87,
42, 2025.0, 24.705882352941178, 69.41176470588235, 87,
45, 2136.0, 12.156862745098039, 45.490196078431374, 87,
45, 2213.0, 23.529411764705884, 58.8235294117647, 87,
47, 2138.0, 18.03921568627451, 22.352941176470587, 87,
46, 2192.0, 16.862745098039216, 18.03921568627451, 88,
45, 2141.5, 17.647058823529413, 20.784313725490197, 88,
45, 2130.0, 17.647058823529413, 21.176470588235293, 88,
44, 2113.0, 17.647058823529413, 19.215686274509803, 89,
44, 2120.0, 21.176470588235293, 47.450980392156865, 89,
45, 2165.5, 22.352941176470587, 50.98039215686274, 90,
46, 2106.0, 17.254901960784313, 23.137254901960784, 90,
46, 1092.5, 14.509803921568627, 19.215686274509803, 90,
46, 1623.0, 19.215686274509803, 49.80392156862745, 90,
47, 1548.5, 16.470588235294116, 21.176470588235293, 90,
46, 1610.0, 16.07843137254902, 29.80392156862745, 90,
46, 1624.5, 20.0, 48.23529411764706, 90,
48, 1683.5, 20.784313725490197, 22.352941176470587, 90,
48, 1694.5, 16.470588235294116, 20.0, 90,
47, 1653.0, 16.07843137254902, 19.607843137254903, 90,
47, 1639.0, 16.07843137254902, 19.607843137254903, 90,
46, 1217.0, 14.509803921568627, 19.607843137254903, 90,
37, 905.0, 14.509803921568627, 20.392156862745097, 89,
30, 761.0, 14.117647058823529, 23.92156862745098, 89,
28, 672.5, 13.72549019607843, 25.49019607843137, 88,
21, 649.5, 13.72549019607843, 27.45098039215686, 88,
19, 644.0, 13.72549019607843, 30.19607843137255, 88,
19, 1346.5, 21.568627450980394, 76.86274509803921, 88,
21, 1017.0, 41.568627450980394, 89.41176470588235, 88,
24, 1152.5, 25.88235294117647, 85.88235294117646, 88,
27, 1315.5, 23.529411764705884, 79.2156862745098, 88,
30, 1434.0, 23.529411764705884, 77.25490196078431, 88,
33, 1513.5, 15.686274509803921, 23.529411764705884, 88,
31, 1120.5, 14.509803921568627, 18.823529411764707, 88,
25, 964.5, 14.117647058823529, 19.607843137254903, 87,
19, 757.0, 14.117647058823529, 23.137254901960784, 87,
19, 918.5, 22.745098039215687, 73.72549019607843, 87,
22, 1090.0, 22.352941176470587, 76.07843137254902, 87,
26, 1268.0, 21.568627450980394, 71.76470588235294, 87,
29, 1443.0, 21.568627450980394, 66.66666666666667, 87,
33, 1598.5, 21.96078431372549, 30.980392156862745, 87,
35, 1170.0, 14.509803921568627, 20.0, 87,
36, 1008.5, 14.509803921568627, 19.215686274509803, 87,
38, 809.0, 19.607843137254903, 40.0, 87,
39, 1402.5, 15.294117647058824, 21.176470588235293, 87,
40, 1402.0, 15.294117647058824, 18.03921568627451, 87,
40, 1425.5, 15.294117647058824, 18.03921568627451, 87,
41, 1422.0, 15.294117647058824, 18.431372549019606, 87,
40, 1422.0, 15.294117647058824, 18.431372549019606, 87,
40, 1418.5, 15.294117647058824, 18.431372549019606, 87,
40, 1417.0, 15.294117647058824, 18.823529411764707, 87,
40, 1385.0, 15.294117647058824, 20.392156862745097, 87,
34, 1217.0, 14.509803921568627, 44.31372549019608, 87,
35, 1256.0, 20.392156862745097, 63.13725490196079, 87,
37, 1311.0, 21.176470588235293, 67.84313725490196, 87,
38, 1380.0, 21.568627450980394, 68.23529411764706, 88,
40, 1441.0, 21.568627450980394, 67.05882352941177, 88,
42, 1509.0, 21.96078431372549, 65.09803921568627, 88,
44, 1562.5, 22.352941176470587, 52.15686274509804, 88,
45, 1594.0, 16.07843137254902, 19.215686274509803, 88,
44, 1559.5, 15.686274509803921, 18.823529411764707, 89,
44, 1539.0, 15.686274509803921, 19.215686274509803, 89,
43, 1534.0, 15.686274509803921, 19.215686274509803, 90,
43, 1514.0, 15.686274509803921, 18.823529411764707, 90,
42, 1496.0, 15.686274509803921, 19.215686274509803, 90,
42, 1478.0, 15.686274509803921, 18.823529411764707, 89,
42, 1468.0, 15.686274509803921, 19.215686274509803, 89,
41, 1437.5, 15.294117647058824, 20.0, 89,
36, 1230.5, 14.509803921568627, 19.607843137254903, 88,
32, 1108.5, 14.509803921568627, 19.607843137254903, 88,
30, 1044.0, 14.117647058823529, 18.03921568627451, 88,
28, 1016.0, 16.07843137254902, 31.764705882352942, 88,
29, 1024.0, 11.764705882352942, 21.176470588235293, 88,
28, 974.0, 14.117647058823529, 19.215686274509803, 87,
25, 947.0, 20.0, 65.88235294117646, 87,
25, 913.5, 56.470588235294116, 83.92156862745098, 87,
27, 968.5, 87.84313725490196, 88.62745098039215, 87,
29, 1040.5, 87.84313725490196, 92.15686274509804, 87,
31, 1115.0, 87.84313725490196, 94.90196078431373, 87,
33, 1190.5, 87.84313725490196, 95.29411764705883, 87,
35, 1243.0, 87.84313725490196, 96.07843137254902, 87,
37, 1339.5, 87.84313725490196, 98.03921568627452, 87,
39, 1327.0, 20.784313725490197, 59.6078431372549, 87,
39, 1397.0, 22.352941176470587, 73.72549019607843, 88,
40, 1418.5, 23.137254901960784, 76.47058823529412, 88,
41, 1459.5, 23.529411764705884, 76.86274509803921, 88,
42, 1502.5, 23.92156862745098, 75.29411764705883, 89,
43, 1449.5, 15.294117647058824, 18.03921568627451, 89,
42, 1487.0, 15.686274509803921, 19.607843137254903, 90,
41, 1431.0, 15.294117647058824, 19.215686274509803, 90,
39, 1450.5, 18.431372549019606, 47.450980392156865, 90,
39, 1376.5, 20.0, 58.431372549019606, 90,
40, 1402.5, 20.784313725490197, 62.35294117647059, 90,
41, 1441.5, 20.784313725490197, 62.745098039215684, 90,
41, 1466.5, 21.568627450980394, 65.09803921568627, 90,
43, 1499.5, 21.568627450980394, 65.09803921568627, 90,
43, 1537.0, 21.96078431372549, 28.627450980392158, 90,
43, 1480.5, 15.686274509803921, 18.431372549019606, 89,
43, 1495.5, 15.686274509803921, 18.823529411764707, 89,
41, 1451.5, 15.686274509803921, 18.823529411764707, 88,
40, 1418.0, 15.294117647058824, 18.823529411764707, 88,
39, 1375.0, 15.294117647058824, 21.176470588235293, 88,
34, 1129.5, 14.117647058823529, 21.176470588235293, 87,
29, 1060.5, 21.176470588235293, 66.66666666666667, 87,
30, 1072.5, 21.568627450980394, 74.11764705882354, 87,
32, 1116.5, 22.745098039215687, 76.47058823529412, 87,
33, 1188.0, 14.509803921568627, 21.568627450980394, 87,
32, 1114.5, 14.509803921568627, 19.215686274509803, 87,
28, 966.0, 14.117647058823529, 20.392156862745097, 87,
26, 987.5, 21.176470588235293, 74.11764705882354, 86,
27, 992.5, 25.49019607843137, 81.17647058823529, 87,
29, 1037.0, 28.627450980392158, 84.31372549019608, 87,
30, 1093.0, 25.49019607843137, 80.7843137254902, 87,
32, 1146.0, 23.137254901960784, 78.82352941176471, 87,
34, 1202.5, 9.803921568627452, 24.313725490196077, 87,
33, 1138.0, 14.509803921568627, 26.666666666666668, 87,
32, 1140.5, 19.607843137254903, 61.1764705882353, 87,
33, 1158.0, 9.803921568627452, 23.529411764705884, 87,
31, 1095.5, 14.117647058823529, 18.823529411764707, 88,
29, 999.5, 14.117647058823529, 19.607843137254903, 88,
29, 1043.0, 19.607843137254903, 59.6078431372549, 88,
30, 1073.5, 19.607843137254903, 61.96078431372549, 88,
31, 1096.0, 20.0, 63.92156862745098, 89,
32, 1148.5, 18.823529411764707, 25.49019607843137, 89,
33, 1113.5, 14.509803921568627, 29.41176470588235, 90,
32, 1160.5, 19.215686274509803, 63.13725490196079, 90,
34, 1201.5, 21.176470588235293, 69.01960784313725, 90,
35, 1261.0, 21.176470588235293, 69.80392156862744, 90,
37, 1291.5, 21.176470588235293, 70.19607843137256, 90,
38, 1342.5, 21.568627450980394, 69.01960784313725, 90,
39, 1385.0, 21.568627450980394, 68.23529411764706, 90,
40, 1421.5, 21.568627450980394, 67.45098039215686, 90,
41, 1464.5, 21.568627450980394, 65.88235294117646, 90,
43, 1501.5, 21.96078431372549, 65.09803921568627, 90,
44, 1562.5, 21.96078431372549, 64.70588235294117, 90,
45, 1594.5, 21.96078431372549, 64.70588235294117, 90,
46, 1621.5, 22.352941176470587, 63.529411764705884, 89,
48, 1673.5, 11.372549019607844, 22.352941176470587, 89,
47, 1633.0, 20.392156862745097, 47.450980392156865, 89,
47, 1658.0, 21.176470588235293, 56.07843137254902, 88,
48, 1690.0, 21.568627450980394, 57.64705882352941, 88,
48, 1708.5, 21.568627450980394, 58.431372549019606, 87,
49, 1729.5, 21.96078431372549, 58.8235294117647, 87,
50, 1751.5, 21.96078431372549, 59.21568627450981, 87,
50, 1756.0, 21.176470588235293, 53.72549019607843, 87,
50, 1767.0, 20.784313725490197, 49.01960784313726, 87,
51, 1779.5, 20.392156862745097, 47.450980392156865, 87,
51, 1786.0, 20.392156862745097, 47.450980392156865, 87,
51, 1787.5, 20.0, 43.92156862745098, 87,
51, 1790.5, 20.0, 43.92156862745098, 87,
51, 1787.0, 20.0, 44.31372549019608, 87,
51, 1798.0, 20.0, 44.31372549019608, 88,
51, 1796.0, 20.0, 43.92156862745098, 88,
51, 1814.0, 20.0, 44.705882352941174, 88,
52, 1819.5, 20.0, 44.705882352941174, 89,
52, 1817.0, 20.0, 44.705882352941174, 89,
52, 1823.0, 20.0, 44.31372549019608, 90,
52, 1738.0, 16.470588235294116, 23.137254901960784, 90,
51, 1045.0, 14.509803921568627, 19.607843137254903, 90,
42, 850.0, 14.117647058823529, 21.568627450980394, 90,
29, 703.0, 14.117647058823529, 24.313725490196077, 90,
20, 648.0, 13.72549019607843, 26.666666666666668, 90,
19, 721.5, 13.72549019607843, 24.705882352941178, 90,
19, 635.5, 20.784313725490197, 62.35294117647059, 91,
20, 1410.5, 23.529411764705884, 69.41176470588235, 91,
22, 1662.0, 23.137254901960784, 69.01960784313725, 90,
25, 1856.0, 24.313725490196077, 72.54901960784314, 90,
28, 2105.0, 26.274509803921568, 77.6470588235294, 90,
32, 2371.0, 28.235294117647058, 74.11764705882354, 90,
37, 2416.0, 18.03921568627451, 22.352941176470587, 90,
37, 1488.0, 18.03921568627451, 30.980392156862745, 88,
37, 1780.5, 21.96078431372549, 60.78431372549019, 88,
39, 1854.5, 24.313725490196077, 71.37254901960785, 87,
41, 2001.0, 25.49019607843137, 72.94117647058823, 87,
43, 2078.5, 25.098039215686274, 70.98039215686275, 87,
45, 2184.5, 25.49019607843137, 69.01960784313725, 87,
47, 2271.5, 25.49019607843137, 67.45098039215686, 87,
49, 2379.5, 25.49019607843137, 65.88235294117646, 87,
51, 2471.5, 15.294117647058824, 23.92156862745098, 87,
52, 3054.5, 29.019607843137255, 80.3921568627451, 87,
54, 1941.5, 32.549019607843135, 96.07843137254902, 87,
56, 1980.5, 76.07843137254902, 99.6078431372549, 87,
58, 2070.0, 87.45098039215686, 99.6078431372549, 88,
61, 2154.0, 87.84313725490196, 99.6078431372549, 88,
63, 2223.0, 87.84313725490196, 99.6078431372549, 89,
66, 2321.5, 87.84313725490196, 99.6078431372549, 90,
68, 2400.0, 87.84313725490196, 99.6078431372549, 90,
71, 2508.5, 81.17647058823529, 93.33333333333333, 90,
74, 2583.5, 70.98039215686275, 99.6078431372549, 91,
76, 2682.0, 87.84313725490196, 98.82352941176471, 92,
79, 2768.0, 87.84313725490196, 97.25490196078431, 91,
81, 2857.0, 87.84313725490196, 95.68627450980392, 91,
83, 2908.5, 87.84313725490196, 94.11764705882354, 91,
85, 2984.5, 14.117647058823529, 21.96078431372549, 90,
80, 1736.5, 15.686274509803921, 21.176470588235293, 90,
71, 956.0, 14.117647058823529, 21.96078431372549, 90,
70, 762.5, 14.117647058823529, 24.313725490196077, 90,
67, 672.5, 13.72549019607843, 26.274509803921568, 90,
62, 638.0, 13.72549019607843, 26.274509803921568, 90,
55, 650.5, 13.72549019607843, 27.058823529411764, 90,
52, 642.5, 13.72549019607843, 26.666666666666668, 90,
52, 650.5, 13.72549019607843, 26.274509803921568, 90,
51, 645.0, 13.72549019607843, 25.88235294117647, 90,
50, 645.0, 13.72549019607843, 25.49019607843137, 90,
50, 636.0, 13.72549019607843, 27.45098039215686, 90,
42, 659.5, 13.72549019607843, 26.274509803921568, 90,
30, 651.0, 13.72549019607843, 26.666666666666668, 90,
17, 645.5, 13.72549019607843, 29.019607843137255, 90,
12, 662.5, 21.176470588235293, 68.62745098039215, 90,
14, 1285.5, 21.176470588235293, 76.07843137254902, 90,
16, 1233.5, 23.92156862745098, 80.7843137254902, 90,
20, 1560.5, 25.49019607843137, 81.96078431372548, 90,
24, 1810.0, 27.84313725490196, 83.13725490196079, 90,
28, 2129.5, 19.215686274509803, 45.09803921568628, 89,
30, 2279.5, 24.705882352941178, 63.13725490196079, 89,
34, 2520.0, 26.666666666666668, 64.31372549019608, 88,
37, 2717.5, 27.45098039215686, 63.529411764705884, 88,
40, 2952.0, 15.294117647058824, 23.92156862745098, 87,
41, 1850.0, 20.392156862745097, 62.745098039215684, 87,
41, 1999.5, 24.313725490196077, 68.62745098039215, 87,
44, 2085.5, 25.88235294117647, 43.92156862745098, 87,
45, 2172.0, 23.529411764705884, 27.45098039215686, 87,
45, 2176.5, 15.686274509803921, 46.666666666666664, 87,
46, 2219.0, 22.745098039215687, 36.470588235294116, 87,
47, 2267.5, 24.705882352941178, 64.31372549019608, 87,
48, 2308.0, 18.431372549019606, 19.607843137254903, 87,
48, 2286.0, 16.862745098039216, 15.294117647058824, 88,
47, 2245.0, 18.03921568627451, 21.568627450980394, 88,
46, 2179.0, 17.647058823529413, 20.0, 89,
45, 2123.0, 17.647058823529413, 20.392156862745097, 89,
43, 2067.0, 17.254901960784313, 20.784313725490197, 90,
42, 2005.0, 17.254901960784313, 21.176470588235293, 90,
41, 2029.0, 18.431372549019606, 30.19607843137255, 90,
41, 1977.5, 16.470588235294116, 16.07843137254902, 90,
41, 1931.0, 17.254901960784313, 22.352941176470587, 90,
40, 1912.0, 16.862745098039216, 20.0, 90,
40, 1877.5, 16.862745098039216, 21.96078431372549, 90,
39, 1854.0, 17.254901960784313, 23.529411764705884, 89,
39, 1842.5, 16.862745098039216, 20.0, 88,
38, 1799.5, 16.470588235294116, 27.45098039215686, 88,
38, 1812.0, 19.215686274509803, 36.07843137254902, 88,
39, 1807.5, 16.862745098039216, 20.0, 87,
38, 1804.5, 16.862745098039216, 20.392156862745097, 87,
37, 1783.5, 16.470588235294116, 19.607843137254903, 87,
37, 1752.5, 16.470588235294116, 19.215686274509803, 87,
36, 1715.5, 16.07843137254902, 19.215686274509803, 87,
35, 1691.5, 16.07843137254902, 19.215686274509803, 87,
34, 1635.5, 16.07843137254902, 19.215686274509803, 87,
34, 1601.0, 16.07843137254902, 18.823529411764707, 87,
33, 1595.5, 16.07843137254902, 19.215686274509803, 87,
33, 1571.5, 16.07843137254902, 18.823529411764707, 87,
32, 1550.5, 15.686274509803921, 19.215686274509803, 87,
32, 1522.0, 15.686274509803921, 18.823529411764707, 87,
31, 1469.0, 15.686274509803921, 18.823529411764707, 87,
30, 1451.5, 15.686274509803921, 19.215686274509803, 87,
29, 1422.0, 15.294117647058824, 19.215686274509803, 87,
29, 1379.0, 18.431372549019606, 33.333333333333336, 87,
29, 1352.0, 15.294117647058824, 18.431372549019606, 87,
30, 1471.0, 17.647058823529413, 25.098039215686274, 87,
32, 1551.0, 15.294117647058824, 16.470588235294116, 87,
31, 1494.5, 15.686274509803921, 19.215686274509803, 87,
31, 1458.0, 15.686274509803921, 19.607843137254903, 87,
30, 1428.0, 15.294117647058824, 19.607843137254903, 88,
29, 1411.0, 18.823529411764707, 44.31372549019608, 88,
31, 1480.5, 19.215686274509803, 49.01960784313726, 88,
32, 1554.0, 20.0, 48.627450980392155, 88,
34, 1643.5, 15.686274509803921, 16.862745098039216, 88,
35, 1666.0, 16.470588235294116, 20.784313725490197, 88,
32, 1557.5, 15.686274509803921, 19.215686274509803, 89,
32, 1570.0, 15.686274509803921, 21.176470588235293, 89,
32, 1527.0, 15.686274509803921, 20.392156862745097, 90,
32, 1567.0, 19.215686274509803, 43.529411764705884, 90,
34, 1591.0, 15.686274509803921, 16.07843137254902, 90,
33, 1579.5, 16.07843137254902, 22.352941176470587, 90,
33, 1542.5, 15.686274509803921, 18.823529411764707, 90,
32, 1523.5, 15.686274509803921, 18.431372549019606, 90,
31, 1499.5, 15.686274509803921, 18.823529411764707, 90,
31, 1480.0, 15.686274509803921, 18.823529411764707, 90,
31, 1473.0, 15.686274509803921, 18.823529411764707, 89,
30, 1474.5, 18.03921568627451, 27.45098039215686, 88,
31, 1483.5, 15.686274509803921, 17.254901960784313, 88,
31, 1486.5, 19.607843137254903, 36.470588235294116, 87,
32, 1545.5, 15.686274509803921, 17.647058823529413, 87,
32, 1548.0, 16.07843137254902, 20.392156862745097, 87,
32, 1537.0, 15.686274509803921, 22.352941176470587, 87,
32, 1507.0, 15.686274509803921, 19.215686274509803, 87,
31, 1498.5, 15.686274509803921, 19.215686274509803, 87,
30, 1450.0, 15.686274509803921, 19.215686274509803, 87,
30, 1423.5, 15.294117647058824, 18.823529411764707, 86,
29, 1380.0, 15.294117647058824, 19.215686274509803, 86,
28, 1342.0, 14.901960784313726, 19.215686274509803, 87,
27, 1300.5, 14.901960784313726, 18.823529411764707, 87,
26, 1258.5, 14.901960784313726, 18.431372549019606, 87,
25, 1221.0, 14.509803921568627, 18.03921568627451, 87,
24, 1171.5, 14.509803921568627, 18.03921568627451, 87,
24, 1149.0, 18.431372549019606, 36.470588235294116, 87,
24, 1159.0, 18.431372549019606, 44.705882352941174, 87,
25, 1157.5, 14.509803921568627, 18.03921568627451, 87,
24, 1170.0, 14.509803921568627, 18.431372549019606, 87,
23, 1130.5, 14.509803921568627, 18.431372549019606, 87,
23, 1106.0, 14.509803921568627, 18.431372549019606, 87,
20, 900.5, 14.117647058823529, 19.215686274509803, 87,
20, 1006.0, 21.568627450980394, 76.07843137254902, 87,
23, 1128.0, 25.49019607843137, 86.66666666666667, 87,
26, 1257.5, 25.49019607843137, 87.05882352941177, 87,
28, 1367.5, 25.098039215686274, 85.49019607843137, 87,
31, 1523.5, 26.666666666666668, 85.88235294117646, 87,
34, 1647.0, 26.666666666666668, 81.96078431372548, 88,
37, 1736.5, 15.686274509803921, 18.03921568627451, 88,
36, 1763.5, 21.176470588235293, 52.15686274509804, 89,
37, 1783.5, 16.07843137254902, 16.862745098039216, 89,
37, 1757.0, 16.470588235294116, 21.176470588235293, 90,
36, 1708.0, 16.07843137254902, 18.823529411764707, 90,
35, 1661.0, 16.07843137254902, 20.784313725490197, 90,
34, 1628.0, 16.07843137254902, 18.823529411764707, 90,
33, 1577.5, 15.686274509803921, 19.215686274509803, 90,
31, 1476.0, 15.294117647058824, 20.0, 90,
29, 1340.0, 14.901960784313726, 19.215686274509803, 90,
27, 1312.5, 19.607843137254903, 53.333333333333336, 90,
28, 1371.0, 23.137254901960784, 80.3921568627451, 90,
28, 1362.0, 25.098039215686274, 86.27450980392157, 90,
30, 1428.0, 27.45098039215686, 91.37254901960785, 89,
32, 1574.5, 29.41176470588235, 88.62745098039215, 88,
36, 1725.5, 27.45098039215686, 83.52941176470588, 88,
39, 1854.5, 27.84313725490196, 81.96078431372548, 88,
42, 2015.5, 27.84313725490196, 78.43137254901961, 88,
44, 2081.5, 21.176470588235293, 40.78431372549019, 87,
44, 2103.0, 21.176470588235293, 43.92156862745098, 87,
45, 2162.5, 21.568627450980394, 45.09803921568628, 87,
46, 2195.0, 27.45098039215686, 49.80392156862745, 87,
47, 2270.5, 17.647058823529413, 23.529411764705884, 87,
47, 2239.0, 19.607843137254903, 21.568627450980394, 87,
46, 2185.0, 17.647058823529413, 21.176470588235293, 87,
45, 2152.5, 17.647058823529413, 20.784313725490197, 87,
43, 1358.0, 14.509803921568627, 20.392156862745097, 88,
32, 975.0, 14.117647058823529, 20.392156862745097, 88,
24, 795.5, 14.117647058823529, 22.745098039215687, 88,
15, 673.0, 13.72549019607843, 26.274509803921568, 88,
12, 638.0, 13.72549019607843, 41.568627450980394, 88,
11, 2147.0, 21.96078431372549, 56.86274509803921, 88,
14, 2154.0, 27.058823529411764, 77.6470588235294, 89,
18, 2199.0, 29.41176470588235, 82.74509803921569, 90,
23, 2311.0, 29.41176470588235, 83.13725490196079, 90,
28, 2245.0, 29.41176470588235, 82.74509803921569, 90,
33, 2471.5, 29.80392156862745, 76.86274509803921, 90,
37, 2721.0, 21.96078431372549, 35.294117647058826, 90,
38, 1914.5, 16.470588235294116, 20.0, 90,
37, 1761.0, 21.176470588235293, 53.72549019607843, 90,
38, 1819.5, 16.470588235294116, 30.980392156862745, 90,
38, 1828.0, 21.568627450980394, 54.90196078431372, 90,
39, 1895.0, 21.176470588235293, 24.705882352941178, 90,
40, 1167.5, 14.509803921568627, 20.392156862745097, 90,
35, 994.0, 14.117647058823529, 19.215686274509803, 89,
25, 784.5, 14.117647058823529, 24.313725490196077, 89,
21, 1122.0, 20.784313725490197, 72.94117647058823, 88,
24, 1183.5, 25.098039215686274, 86.66666666666667, 88,
27, 1306.5, 28.627450980392158, 92.54901960784314, 88,
30, 1485.0, 29.019607843137255, 90.19607843137256, 88,
32, 1626.0, 26.666666666666668, 83.92156862745098, 88,
35, 1730.5, 27.45098039215686, 81.56862745098039, 88,
38, 1794.0, 16.07843137254902, 19.215686274509803, 87,
37, 1709.5, 15.686274509803921, 20.0, 87,
29, 1388.5, 15.294117647058824, 19.607843137254903, 87,
28, 1398.0, 21.568627450980394, 70.19607843137256, 87,
30, 1480.5, 22.745098039215687, 71.37254901960785, 87,
33, 1584.5, 23.529411764705884, 72.15686274509804, 87,
35, 1698.5, 24.313725490196077, 73.33333333333333, 87,
37, 1784.5, 24.705882352941178, 73.72549019607843, 87,
39, 1880.5, 25.098039215686274, 50.588235294117645, 87,
40, 1904.5, 16.470588235294116, 18.03921568627451, 87,
39, 1885.5, 16.862745098039216, 22.352941176470587, 88,
36, 1125.0, 14.509803921568627, 18.823529411764707, 88,
27, 911.0, 14.117647058823529, 19.215686274509803, 88,
24, 1140.0, 17.254901960784313, 30.58823529411765, 88,
24, 1138.5, 16.470588235294116, 40.0, 89,
26, 1257.0, 18.823529411764707, 50.588235294117645, 89,
27, 1316.5, 19.215686274509803, 51.76470588235294, 90,
28, 1367.0, 20.784313725490197, 64.70588235294117, 90,
30, 1443.5, 21.176470588235293, 63.13725490196079, 90,
31, 1523.5, 21.176470588235293, 60.78431372549019, 90,
33, 1600.5, 21.568627450980394, 60.0, 90,
35, 1674.0, 21.568627450980394, 59.6078431372549, 90,
36, 1750.5, 21.96078431372549, 59.21568627450981, 90,
38, 1829.0, 21.96078431372549, 58.03921568627451, 90,
40, 1925.0, 15.294117647058824, 18.03921568627451, 90,
40, 1907.0, 16.862745098039216, 19.607843137254903, 90,
39, 1894.0, 16.470588235294116, 18.823529411764707, 89,
39, 1835.0, 16.862745098039216, 21.568627450980394, 89,
37, 1766.0, 16.470588235294116, 20.392156862745097, 88,
36, 1712.5, 16.470588235294116, 20.0, 88,
35, 1644.0, 16.07843137254902, 18.823529411764707, 87,
33, 1555.0, 16.07843137254902, 20.784313725490197, 87,
27, 1286.5, 14.901960784313726, 20.392156862745097, 87,
24, 1159.0, 17.647058823529413, 43.529411764705884, 87,
23, 1142.0, 18.823529411764707, 54.90196078431372, 87,
27, 1295.5, 20.784313725490197, 65.88235294117646, 86,
28, 1349.5, 20.784313725490197, 64.70588235294117, 86,
30, 1450.0, 15.294117647058824, 17.647058823529413, 86,
29, 996.5, 14.509803921568627, 20.0, 86,
22, 879.5, 14.117647058823529, 22.352941176470587, 87,
20, 734.5, 14.117647058823529, 32.94117647058823, 87,
19, 1472.5, 21.568627450980394, 60.78431372549019, 87,
22, 1685.5, 22.352941176470587, 63.529411764705884, 87,
25, 1854.5, 23.529411764705884, 63.529411764705884, 87,
28, 2093.5, 23.529411764705884, 59.21568627450981, 87,
31, 2295.0, 23.529411764705884, 56.07843137254902, 87,
33, 2467.0, 20.392156862745097, 23.92156862745098, 88,
34, 1635.5, 15.686274509803921, 20.784313725490197, 88,
33, 1576.5, 19.215686274509803, 47.05882352941177, 89,
33, 1610.0, 21.568627450980394, 61.1764705882353, 89,
35, 1674.0, 22.352941176470587, 63.13725490196079, 90,
36, 1747.5, 22.745098039215687, 63.92156862745098, 90,
38, 1815.0, 15.686274509803921, 17.254901960784313, 90,
38, 1789.5, 16.862745098039216, 21.568627450980394, 90,
36, 1769.0, 16.862745098039216, 28.235294117647058, 90,
36, 1736.0, 16.862745098039216, 19.215686274509803, 90,
36, 1727.0, 16.470588235294116, 20.784313725490197, 90,
35, 1682.0, 16.470588235294116, 20.392156862745097, 90,
34, 1634.5, 15.686274509803921, 18.823529411764707, 90,
33, 1569.5, 15.686274509803921, 19.215686274509803, 90,
32, 1595.5, 19.215686274509803, 38.8235294117647, 89,
32, 1556.5, 20.0, 49.01960784313726, 88,
33, 1590.5, 15.686274509803921, 18.431372549019606, 88,
31, 1486.0, 18.431372549019606, 28.235294117647058, 88,
31, 1518.5, 20.392156862745097, 54.509803921568626, 87,
32, 1560.5, 20.784313725490197, 55.294117647058826, 87,
33, 1583.0, 15.686274509803921, 16.470588235294116, 87,
32, 1540.5, 15.686274509803921, 21.96078431372549, 87,
27, 1068.5, 14.509803921568627, 18.823529411764707, 87,
15, 840.0, 14.117647058823529, 22.745098039215687, 87,
13, 1041.0, 18.431372549019606, 50.98039215686274, 87,
16, 1190.0, 20.0, 61.568627450980394, 87,
18, 1391.0, 21.176470588235293, 64.31372549019608, 87,
21, 1607.0, 21.96078431372549, 61.568627450980394, 87,
24, 1821.0, 22.745098039215687, 61.1764705882353, 87,
27, 1967.0, 20.392156862745097, 44.705882352941174, 87,
28, 2097.0, 21.96078431372549, 50.19607843137255, 87,
30, 2245.0, 22.352941176470587, 48.627450980392155, 88,
32, 2390.5, 22.745098039215687, 48.23529411764706, 88,
34, 2543.5, 23.137254901960784, 46.27450980392157, 88,
36, 2694.5, 20.392156862745097, 23.137254901960784, 89,
37, 1786.5, 16.07843137254902, 22.352941176470587, 90,
36, 1021.5, 14.509803921568627, 19.607843137254903, 90,
36, 861.5, 18.03921568627451, 27.058823529411764, 90,
35, 1677.0, 20.392156862745097, 49.80392156862745, 90,
36, 1746.5, 21.176470588235293, 53.333333333333336, 90,
37, 1806.0, 21.568627450980394, 53.72549019607843, 91,
39, 1938.0, 17.254901960784313, 21.568627450980394, 90,
37, 1785.5, 16.862745098039216, 20.784313725490197, 90,
36, 1706.0, 16.470588235294116, 19.215686274509803, 90,
34, 1614.0, 16.07843137254902, 30.19607843137255, 90,
34, 1673.0, 20.392156862745097, 49.80392156862745, 90,
36, 1712.0, 20.784313725490197, 51.372549019607845, 90,
37, 1698.5, 16.470588235294116, 21.176470588235293, 89,
36, 1699.5, 16.07843137254902, 19.607843137254903, 89,
35, 1655.5, 16.07843137254902, 18.823529411764707, 88,
33, 1584.5, 16.07843137254902, 19.215686274509803, 88,
32, 1587.5, 20.0, 49.01960784313726, 88,
33, 1577.0, 19.215686274509803, 42.745098039215684, 87,
33, 1558.5, 19.607843137254903, 46.27450980392157, 87,
34, 1625.0, 19.607843137254903, 45.88235294117647, 87,
35, 1666.5, 20.0, 46.666666666666664, 87,
35, 1700.5, 20.0, 46.666666666666664, 87,
36, 1763.0, 16.07843137254902, 21.568627450980394, 87,
36, 1614.0, 17.254901960784313, 27.84313725490196, 87,
36, 1683.0, 12.941176470588236, 21.96078431372549, 87,
35, 1613.0, 16.07843137254902, 20.0, 87,
33, 1602.0, 18.431372549019606, 29.41176470588235, 87,
33, 1623.0, 20.0, 49.411764705882355, 87,
34, 1636.5, 20.392156862745097, 49.411764705882355, 87,
35, 1697.0, 19.607843137254903, 42.745098039215684, 88,
36, 1729.0, 19.607843137254903, 43.529411764705884, 88,
36, 1664.5, 16.470588235294116, 20.784313725490197, 88,
35, 1711.0, 16.470588235294116, 20.0, 88,
35, 1649.5, 16.07843137254902, 19.215686274509803, 89,
33, 1592.5, 16.07843137254902, 19.215686274509803, 90,
32, 1538.5, 15.686274509803921, 19.215686274509803, 90,
31, 1504.0, 15.686274509803921, 19.215686274509803, 90,
30, 1448.5, 15.294117647058824, 19.215686274509803, 90,
29, 1381.0, 15.294117647058824, 18.823529411764707, 90,
28, 1334.5, 15.294117647058824, 19.607843137254903, 90,
26, 1254.5, 14.901960784313726, 19.215686274509803, 90,
26, 1306.5, 17.254901960784313, 32.94117647058823, 90,
26, 1242.0, 17.254901960784313, 34.90196078431372, 90,
27, 1297.0, 17.647058823529413, 39.6078431372549, 90,
28, 1329.5, 18.431372549019606, 41.568627450980394, 89,
28, 1373.5, 14.901960784313726, 19.215686274509803, 88,
26, 1262.5, 14.901960784313726, 18.431372549019606, 88,
25, 1217.5, 14.509803921568627, 18.03921568627451, 88,
24, 1169.0, 17.254901960784313, 38.03921568627451, 88,
24, 1207.5, 18.431372549019606, 49.411764705882355, 88,
26, 1239.0, 20.0, 58.431372549019606, 87,
27, 1313.5, 20.784313725490197, 63.529411764705884, 87,
29, 1407.5, 20.784313725490197, 60.78431372549019, 87,
30, 1369.0, 16.07843137254902, 22.352941176470587, 87,
27, 1285.0, 21.96078431372549, 61.96078431372549, 87,
28, 1365.0, 20.784313725490197, 64.70588235294117, 87,
30, 1441.5, 18.823529411764707, 21.176470588235293, 87,
30, 1484.0, 18.823529411764707, 42.35294117647059, 87,
31, 1479.5, 20.0, 51.76470588235294, 87,
32, 1539.0, 20.0, 51.76470588235294, 87,
33, 1587.5, 20.392156862745097, 38.03921568627451, 87,
33, 1609.5, 16.07843137254902, 20.0, 88,
32, 1530.0, 15.686274509803921, 19.607843137254903, 88,
31, 1131.5, 14.509803921568627, 19.607843137254903, 88,
25, 887.0, 14.117647058823529, 20.784313725490197, 88,
19, 733.5, 14.117647058823529, 23.92156862745098, 89,
17, 657.0, 13.72549019607843, 25.098039215686274, 89,
15, 644.0, 13.72549019607843, 26.274509803921568, 89,
13, 1106.5, 19.215686274509803, 57.64705882352941, 90,
15, 1166.5, 19.215686274509803, 54.509803921568626, 90,
18, 1322.5, 19.607843137254903, 54.11764705882353, 90,
20, 1496.5, 20.392156862745097, 53.333333333333336, 90,
22, 1684.0, 21.176470588235293, 54.90196078431372, 90,
25, 1851.0, 21.568627450980394, 54.90196078431372, 90,
27, 1972.5, 21.96078431372549, 52.549019607843135, 90,
29, 2168.0, 22.352941176470587, 49.01960784313726, 90,
31, 2287.5, 22.352941176470587, 47.84313725490196, 90,
33, 2389.5, 17.647058823529413, 23.529411764705884, 89,
32, 2430.0, 18.431372549019606, 21.568627450980394, 89,
31, 2383.0, 18.03921568627451, 23.137254901960784, 88,
31, 1126.5, 14.509803921568627, 19.215686274509803, 88,
30, 882.5, 14.117647058823529, 21.176470588235293, 87,
30, 729.0, 14.117647058823529, 23.92156862745098, 87,
29, 669.5, 14.117647058823529, 25.88235294117647, 87,
28, 638.0, 13.72549019607843, 26.274509803921568, 87,
28, 639.0, 13.72549019607843, 25.88235294117647, 87,
28, 658.5, 13.72549019607843, 25.49019607843137, 87,
26, 639.5, 13.72549019607843, 25.49019607843137, 87,
21, 636.0, 13.72549019607843, 26.274509803921568, 87,
17, 648.0, 13.72549019607843, 25.88235294117647, 87,
13, 644.5, 13.72549019607843, 26.666666666666668, 87,
10, 645.5, 14.117647058823529, 27.058823529411764, 87,
