0, 16.470588235294116, 87,
40.78431372549019, 848.0, 0, 16.470588235294116, 87,
40.3921568627451, 858.0, 0, 16.470588235294116, 87,
39.6078431372549, 861.0, 0, 16.470588235294116, 87,
38.8235294117647, 851.0, 0, 16.470588235294116, 87,
39.6078431372549, 837.5, 0, 16.470588235294116, 87,
39.6078431372549, 859.5, 0, 16.470588235294116, 87,
38.431372549019606, 868.0, 0, 14.509803921568627, 87,
29.019607843137255, 776.5, 0, 14.509803921568627, 87,
27.84313725490196, 708.0, 0, 14.509803921568627, 87,
27.45098039215686, 674.5, 0, 14.509803921568627, 87,
27.058823529411764, 661.0, 0, 14.117647058823529, 87,
26.666666666666668, 654.5, 0, 14.117647058823529, 87,
26.666666666666668, 638.5, 0, 14.117647058823529, 87,
26.274509803921568, 646.0, 0, 14.117647058823529, 87,
26.666666666666668, 634.0, 0, 14.117647058823529, 87,
29.019607843137255, 640.0, 0, 14.117647058823529, 87,
28.235294117647058, 639.0, 0, 14.117647058823529, 87,
27.84313725490196, 663.5, 0, 15.294117647058824, 87,
42.745098039215684, 624.5, 0, 15.686274509803921, 87,
57.64705882352941, 753.5, 0, 21.176470588235293, 87,
60.78431372549019, 1618.0, 1, 20.784313725490197, 87,
61.1764705882353, 1350.0, 4, 21.568627450980394, 87,
81.96078431372548, 860.5, 7, 49.01960784313726, 87,
72.94117647058823, 1578.5, 11, 21.176470588235293, 87,
58.8235294117647, 1827.5, 14, 15.686274509803921, 87,
23.137254901960784, 1456.5, 14, 15.686274509803921, 87,
26.666666666666668, 1175.5, 13, 16.470588235294116, 87,
31.372549019607842, 954.0, 13, 16.07843137254902, 87,
33.72549019607843, 881.5, 12, 16.07843137254902, 87,
76.86274509803921, 1075.0, 13, 25.49019607843137, 87,
87.84313725490196, 1054.0, 14, 69.41176470588235, 87,
94.90196078431373, 1185.5, 16, 51.372549019607845, 87,
96.47058823529412, 1311.0, 18, 27.84313725490196, 87,
89.01960784313725, 1445.0, 19, 10.980392156862745, 87,
26.666666666666668, 1222.0, 19, 16.470588235294116, 87,
31.372549019607842, 877.5, 18, 16.862745098039216, 87,
38.431372549019606, 842.5, 16, 16.470588235294116, 88,
38.03921568627451, 827.0, 15, 16.470588235294116, 88,
38.8235294117647, 792.5, 15, 16.07843137254902, 88,
39.21568627450981, 782.0, 14, 18.03921568627451, 88,
42.35294117647059, 1070.5, 15, 20.784313725490197, 88,
72.15686274509804, 1124.0, 16, 21.568627450980394, 88,
70.19607843137256, 1263.5, 18, 21.176470588235293, 88,
66.27450980392157, 1385.0, 18, 22.352941176470587, 88,
65.88235294117646, 1393.0, 19, 21.96078431372549, 88,
65.49019607843137, 1488.0, 21, 21.96078431372549, 88,
62.745098039215684, 1613.5, 22, 21.96078431372549, 88,
61.1764705882353, 1752.5, 24, 22.352941176470587, 88,
61.1764705882353, 1846.0, 25, 23.137254901960784, 89,
67.84313725490196, 1957.5, 27, 23.92156862745098, 89,
67.84313725490196, 2078.5, 29, 24.313725490196077, 89,
64.31372549019608, 2241.0, 31, 14.509803921568627, 89,
27.058823529411764, 1458.0, 31, 15.294117647058824, 89,
22.745098039215687, 1255.5, 31, 19.215686274509803, 89,
37.254901960784316, 1508.0, 32, 19.215686274509803, 89,
42.745098039215684, 1575.5, 33, 16.470588235294116, 89,
19.607843137254903, 1563.0, 33, 16.07843137254902, 89,
20.784313725490197, 1621.5, 33, 21.176470588235293, 90,
55.294117647058826, 1624.5, 35, 21.176470588235293, 90,
56.07843137254902, 1695.0, 36, 21.96078431372549, 90,
60.0, 1760.0, 37, 15.294117647058824, 90,
19.607843137254903, 1734.0, 38, 16.470588235294116, 90,
20.0, 1782.5, 37, 17.254901960784313, 90,
24.705882352941178, 1765.5, 37, 16.862745098039216, 90,
22.352941176470587, 1390.5, 36, 15.294117647058824, 89,
21.568627450980394, 1056.0, 33, 14.901960784313726, 89,
21.176470588235293, 967.5, 30, 14.901960784313726, 89,
22.352941176470587, 836.5, 30, 14.509803921568627, 89,
35.294117647058826, 1510.5, 29, 20.0, 88,
53.333333333333336, 1428.5, 31, 20.392156862745097, 88,
58.03921568627451, 1507.5, 32, 21.176470588235293, 88,
59.21568627450981, 1569.0, 33, 21.176470588235293, 88,
59.6078431372549, 1617.0, 34, 21.568627450980394, 88,
61.568627450980394, 1668.0, 35, 22.352941176470587, 88,
64.70588235294117, 1749.5, 37, 23.137254901960784, 88,
43.13725490196079, 1725.5, 37, 16.07843137254902, 88,
27.45098039215686, 1107.5, 37, 16.470588235294116, 88,
32.15686274509804, 937.0, 37, 14.901960784313726, 88,
24.705882352941178, 865.5, 38, 14.509803921568627, 88,
23.92156862745098, 777.5, 38, 14.509803921568627, 88,
25.098039215686274, 705.0, 38, 14.117647058823529, 88,
25.49019607843137, 665.0, 38, 14.117647058823529, 88,
26.666666666666668, 640.0, 36, 14.117647058823529, 88,
27.84313725490196, 638.5, 29, 14.117647058823529, 88,
27.84313725490196, 650.5, 21, 14.117647058823529, 88,
29.41176470588235, 646.5, 17, 14.117647058823529, 88,
29.019607843137255, 647.0, 15, 14.117647058823529, 88,
28.627450980392158, 637.5, 12, 14.117647058823529, 88,
30.980392156862745, 637.0, 6, 14.509803921568627, 88,
34.11764705882353, 690.0, 1, 14.509803921568627, 88,
28.627450980392158, 724.0, 0, 14.509803921568627, 88,
27.058823529411764, 737.5, 0, 14.901960784313726, 88,
32.15686274509804, 661.0, 0, 16.470588235294116, 88,
41.96078431372549, 717.0, 1, 16.470588235294116, 88,
72.15686274509804, 0.0, 0, 12.156862745098039, 88,
0.0, 0.0, 0, 12.156862745098039, 88,
0.0, 0.0, 0, 12.156862745098039, 88,
0.0, 0.0, 0, 12.156862745098039, 88,
0.0, 0.0, 0, 12.156862745098039, 88,
0.0, 0.0, 0, 12.156862745098039, 88,
77.6470588235294, 170.5, 0, 15.294117647058824, 88,
38.03921568627451, 1139.5, 0, 14.509803921568627, 88,
25.098039215686274, 1153.0, 0, 15.294117647058824, 88,
21.568627450980394, 1133.5, 0, 14.901960784313726, 88,
19.607843137254903, 997.0, 0, 14.117647058823529, 89,
19.607843137254903, 848.0, 0, 14.117647058823529, 89,
21.176470588235293, 816.0, 0, 15.294117647058824, 89,
27.84313725490196, 691.0, 0, 14.901960784313726, 89,
30.19607843137255, 777.5, 0, 14.901960784313726, 89,
29.019607843137255, 768.5, 0, 15.294117647058824, 89,
29.41176470588235, 779.0, 0, 15.294117647058824, 89,
30.19607843137255, 785.5, 0, 15.294117647058824, 89,
31.372549019607842, 797.5, 0, 15.686274509803921, 88,
32.94117647058823, 800.5, 0, 15.686274509803921, 88,
34.90196078431372, 806.0, 0, 16.07843137254902, 88,
36.470588235294116, 810.5, 0, 16.07843137254902, 88,
38.03921568627451, 822.5, 0, 16.470588235294116, 88,
39.21568627450981, 820.5, 0, 16.470588235294116, 88,
40.3921568627451, 820.0, 0, 16.862745098039216, 88,
41.568627450980394, 845.5, 0, 16.862745098039216, 88,
42.745098039215684, 853.0, 0, 16.862745098039216, 88,
43.13725490196079, 834.0, 0, 16.862745098039216, 88,
43.92156862745098, 835.0, 0, 16.862745098039216, 88,
44.705882352941174, 830.0, 0, 16.862745098039216, 88,
45.490196078431374, 849.0, 0, 17.254901960784313, 88,
45.09803921568628, 868.5, 0, 16.862745098039216, 88,
43.92156862745098, 843.0, 0, 16.862745098039216, 88,
43.92156862745098, 824.5, 0, 16.862745098039216, 88,
43.92156862745098, 840.5, 0, 16.862745098039216, 88,
43.529411764705884, 843.5, 0, 16.862745098039216, 88,
42.745098039215684, 835.5, 0, 16.862745098039216, 88,
42.35294117647059, 820.5, 0, 16.862745098039216, 88,
42.35294117647059, 833.0, 0, 16.862745098039216, 88,
42.35294117647059, 845.0, 0, 16.862745098039216, 88,
41.96078431372549, 834.5, 0, 16.862745098039216, 88,
42.35294117647059, 824.0, 0, 16.470588235294116, 88,
41.96078431372549, 852.5, 0, 16.862745098039216, 88,
41.568627450980394, 858.0, 0, 16.862745098039216, 88,
41.568627450980394, 841.5, 0, 16.862745098039216, 88,
41.568627450980394, 848.5, 0, 16.862745098039216, 88,
40.78431372549019, 858.5, 0, 16.862745098039216, 88,
40.78431372549019, 849.0, 0, 16.470588235294116, 88,
40.78431372549019, 844.0, 0, 16.470588235294116, 88,
40.3921568627451, 861.0, 0, 16.470588235294116, 88,
40.0, 869.0, 0, 16.470588235294116, 88,
40.3921568627451, 846.5, 0, 16.470588235294116, 88,
40.78431372549019, 849.0, 0, 16.470588235294116, 88,
40.0, 847.0, 0, 16.470588235294116, 88,
40.0, 841.5, 0, 16.470588235294116, 88,
40.0, 851.5, 0, 16.470588235294116, 88,
39.6078431372549, 861.0, 0, 16.470588235294116, 88,
39.21568627450981, 857.5, 0, 16.470588235294116, 88,
39.21568627450981, 843.5, 0, 16.470588235294116, 88,
39.6078431372549, 838.5, 0, 16.470588235294116, 88,
39.21568627450981, 855.0, 0, 14.509803921568627, 88,
26.274509803921568, 806.0, 0, 14.901960784313726, 88,
26.274509803921568, 718.5, 0, 14.509803921568627, 88,
27.058823529411764, 670.5, 0, 14.509803921568627, 88,
27.45098039215686, 644.5, 0, 14.117647058823529, 88,
27.058823529411764, 648.5, 0, 14.117647058823529, 88,
27.058823529411764, 654.5, 0, 14.117647058823529, 88,
27.058823529411764, 642.0, 0, 14.117647058823529, 88,
26.666666666666668, 637.5, 0, 15.294117647058824, 88,
32.549019607843135, 643.5, 0, 14.901960784313726, 88,
33.333333333333336, 716.5, 0, 14.901960784313726, 88,
28.235294117647058, 755.5, 0, 14.509803921568627, 88,
25.88235294117647, 754.5, 0, 16.470588235294116, 88,
40.78431372549019, 714.0, 0, 16.07843137254902, 88,
39.21568627450981, 806.5, 0, 16.07843137254902, 88,
38.8235294117647, 807.0, 0, 16.07843137254902, 88,
38.431372549019606, 806.0, 0, 16.470588235294116, 88,
40.0, 824.0, 0, 16.470588235294116, 88,
39.21568627450981, 844.5, 0, 16.470588235294116, 88,
38.431372549019606, 854.5, 0, 16.470588235294116, 88,
38.431372549019606, 841.5, 0, 16.470588235294116, 88,
38.431372549019606, 838.5, 0, 16.470588235294116, 88,
38.431372549019606, 862.5, 0, 16.470588235294116, 88,
38.03921568627451, 851.5, 0, 16.470588235294116, 88,
38.8235294117647, 837.5, 0, 16.470588235294116, 88,
39.21568627450981, 834.0, 0, 16.470588235294116, 88,
38.8235294117647, 852.0, 0, 16.470588235294116, 88,
38.8235294117647, 838.0, 0, 16.470588235294116, 88,
39.6078431372549, 821.0, 0, 16.470588235294116, 88,
39.21568627450981, 817.5, 0, 16.470588235294116, 88,
39.21568627450981, 812.0, 0, 16.470588235294116, 88,
39.6078431372549, 817.0, 0, 16.470588235294116, 88,
39.6078431372549, 811.5, 0, 16.470588235294116, 88,
40.0, 797.5, 0, 16.470588235294116, 88,
39.6078431372549, 811.0, 0, 16.470588235294116, 88,
39.6078431372549, 817.0, 0, 16.470588235294116, 88,
39.6078431372549, 804.5, 0, 16.470588235294116, 88,
40.0, 799.5, 0, 16.470588235294116, 88,
40.0, 809.5, 0, 16.470588235294116, 88,
40.0, 804.0, 0, 16.470588235294116, 88,
40.0, 802.5, 0, 16.470588235294116, 88,
40.78431372549019, 816.0, 0, 16.470588235294116, 88,
40.0, 828.0, 0, 16.470588235294116, 88,
40.0, 823.5, 0, 16.470588235294116, 88,
40.0, 824.5, 0, 16.470588235294116, 88,
40.0, 848.5, 0, 16.470588235294116, 88,
39.21568627450981, 858.5, 0, 16.470588235294116, 88,
39.21568627450981, 848.0, 0, 16.470588235294116, 88,
39.6078431372549, 837.5, 0, 16.470588235294116, 88,
39.21568627450981, 864.5, 0, 16.470588235294116, 88,
38.8235294117647, 848.5, 0, 16.470588235294116, 88,
39.21568627450981, 846.5, 0, 16.470588235294116, 88,
39.6078431372549, 841.5, 0, 16.470588235294116, 88,
38.8235294117647, 864.5, 0, 16.470588235294116, 88,
38.8235294117647, 852.0, 0, 16.470588235294116, 88,
39.21568627450981, 835.5, 0, 16.470588235294116, 88,
38.8235294117647, 854.5, 0, 13.72549019607843, 88,
29.41176470588235, 832.0, 0, 14.901960784313726, 88,
26.274509803921568, 748.0, 0, 14.509803921568627, 88,
27.058823529411764, 684.5, 0, 14.509803921568627, 88,
27.058823529411764, 658.5, 0, 14.117647058823529, 88,
27.058823529411764, 638.0, 0, 14.117647058823529, 88,
27.058823529411764, 649.0, 0, 14.117647058823529, 88,
26.274509803921568, 653.5, 0, 14.117647058823529, 88,
26.274509803921568, 640.0, 0, 14.117647058823529, 88,
27.058823529411764, 643.0, 0, 14.117647058823529, 88,
32.549019607843135, 615.5, 0, 14.901960784313726, 88,
32.94117647058823, 820.5, 0, 14.901960784313726, 88,
26.274509803921568, 802.5, 0, 14.509803921568627, 88,
28.627450980392158, 765.0, 0, 17.254901960784313, 88,
42.745098039215684, 784.5, 0, 16.07843137254902, 88,
39.21568627450981, 827.0, 0, 16.470588235294116, 88,
38.431372549019606, 809.0, 0, 16.07843137254902, 88,
38.8235294117647, 816.0, 0, 16.470588235294116, 88,
39.21568627450981, 829.5, 0, 16.470588235294116, 88,
39.21568627450981, 856.5, 0, 16.470588235294116, 88,
38.431372549019606, 852.0, 0, 16.470588235294116, 88,
38.03921568627451, 842.0, 0, 16.470588235294116, 88,
38.431372549019606, 855.0, 0, 16.470588235294116, 88,
38.03921568627451, 857.0, 0, 16.470588235294116, 88,
38.431372549019606, 833.5, 0, 16.470588235294116, 88,
38.8235294117647, 840.0, 0, 16.470588235294116, 88,
38.8235294117647, 853.5, 0, 16.470588235294116, 88,
38.8235294117647, 841.5, 0, 16.470588235294116, 88,
39.21568627450981, 826.5, 0, 16.470588235294116, 88,
39.6078431372549, 818.5, 0, 16.470588235294116, 88,
39.21568627450981, 825.5, 0, 16.470588235294116, 88,
39.21568627450981, 821.0, 0, 16.470588235294116, 88,
39.6078431372549, 815.5, 0, 16.470588235294116, 88,
39.6078431372549, 830.5, 0, 16.470588235294116, 88,
39.21568627450981, 832.5, 0, 16.470588235294116, 88,
39.21568627450981, 832.0, 0, 16.470588235294116, 88,
39.6078431372549, 836.5, 0, 16.470588235294116, 88,
39.21568627450981, 853.0, 0, 16.470588235294116, 88,
38.8235294117647, 855.5, 0, 16.470588235294116, 88,
39.21568627450981, 834.5, 0, 16.470588235294116, 88,
39.6078431372549, 840.0, 0, 16.470588235294116, 88,
39.6078431372549, 861.0, 0, 16.470588235294116, 88,
39.21568627450981, 852.5, 0, 16.470588235294116, 88,
39.6078431372549, 840.0, 0, 16.470588235294116, 88,
39.6078431372549, 857.5, 0, 16.470588235294116, 88,
39.6078431372549, 856.0, 0, 16.470588235294116, 87,
40.0, 840.0, 0, 16.470588235294116, 88,
39.6078431372549, 853.0, 0, 16.470588235294116, 88,
39.21568627450981, 867.0, 0, 16.470588235294116, 87,
39.6078431372549, 843.0, 0, 16.470588235294116, 88,
39.6078431372549, 859.0, 0, 16.470588235294116, 88,
39.21568627450981, 859.5, 0, 16.470588235294116, 88,
39.21568627450981, 845.5, 0, 16.470588235294116, 88,
39.6078431372549, 843.5, 0, 16.470588235294116, 87,
38.8235294117647, 869.0, 0, 16.470588235294116, 88,
28.627450980392158, 847.0, 0, 14.901960784313726, 88,
26.274509803921568, 718.5, 0, 14.509803921568627, 88,
26.666666666666668, 678.0, 0, 14.509803921568627, 88,
26.666666666666668, 642.5, 0, 14.117647058823529, 88,
27.058823529411764, 638.0, 0, 14.117647058823529, 88,
26.666666666666668, 663.5, 0, 14.117647058823529, 88,
26.274509803921568, 657.0, 0, 14.117647058823529, 88,
26.274509803921568, 649.5, 0, 14.117647058823529, 88,
25.88235294117647, 638.0, 0, 14.117647058823529, 88,
29.41176470588235, 610.0, 0, 17.254901960784313, 88,
39.21568627450981, 760.0, 0, 15.294117647058824, 88,
29.019607843137255, 845.5, 0, 14.509803921568627, 88,
27.058823529411764, 787.0, 0, 16.07843137254902, 88,
41.568627450980394, 793.0, 0, 16.470588235294116, 88,
37.64705882352941, 839.0, 0, 16.470588235294116, 88,
37.64705882352941, 838.0, 0, 16.470588235294116, 88,
38.431372549019606, 846.5, 0, 16.470588235294116, 88,
38.431372549019606, 863.0, 0, 16.470588235294116, 88,
37.64705882352941, 857.0, 0, 16.470588235294116, 88,
38.431372549019606, 840.5, 0, 16.470588235294116, 88,
38.8235294117647, 832.5, 0, 16.470588235294116, 88,
38.431372549019606, 855.0, 0, 16.470588235294116, 88,
38.431372549019606, 865.5, 0, 16.470588235294116, 88,
38.431372549019606, 844.0, 0, 16.470588235294116, 88,
39.21568627450981, 846.0, 0, 16.470588235294116, 88,
38.8235294117647, 846.5, 0, 16.470588235294116, 88,
38.431372549019606, 860.0, 0, 16.470588235294116, 88,
39.21568627450981, 831.0, 0, 16.470588235294116, 88,
39.6078431372549, 835.0, 0, 16.470588235294116, 88,
39.21568627450981, 839.5, 0, 16.470588235294116, 88,
38.8235294117647, 853.0, 0, 16.470588235294116, 88,
39.21568627450981, 823.0, 0, 16.470588235294116, 88,
39.21568627450981, 830.0, 0, 16.470588235294116, 88,
38.8235294117647, 838.0, 0, 16.470588235294116, 88,
39.21568627450981, 815.5, 0, 16.470588235294116, 88,
39.6078431372549, 811.5, 0, 16.470588235294116, 88,
39.21568627450981, 824.0, 0, 16.470588235294116, 88,
38.8235294117647, 819.0, 0, 16.470588235294116, 88,
39.21568627450981, 812.0, 0, 16.470588235294116, 88,
40.0, 803.0, 0, 16.470588235294116, 88,
40.0, 820.5, 0, 16.470588235294116, 88,
39.6078431372549, 832.0, 0, 16.470588235294116, 88,
39.21568627450981, 827.5, 0, 16.470588235294116, 88,
39.6078431372549, 824.5, 0, 16.470588235294116, 88,
39.6078431372549, 846.0, 0, 16.470588235294116, 88,
39.21568627450981, 861.0, 0, 16.470588235294116, 88,
38.8235294117647, 849.5, 0, 16.470588235294116, 88,
38.8235294117647, 847.0, 0, 16.470588235294116, 88,
38.8235294117647, 863.0, 0, 16.470588235294116, 88,
38.431372549019606, 856.5, 0, 16.470588235294116, 88,
39.21568627450981, 846.0, 0, 16.470588235294116, 88,
39.21568627450981, 849.0, 0, 16.470588235294116, 88,
38.431372549019606, 865.0, 0, 16.470588235294116, 88,
38.431372549019606, 844.5, 0, 16.470588235294116, 88,
39.21568627450981, 862.5, 0, 17.254901960784313, 88,
38.8235294117647, 1194.0, 2, 17.647058823529413, 88,
39.6078431372549, 875.5, 4, 17.254901960784313, 88,
49.411764705882355, 886.0, 7, 16.862745098039216, 88,
38.03921568627451, 1179.0, 8, 17.254901960784313, 88,
33.72549019607843, 1331.5, 10, 14.509803921568627, 88,
24.705882352941178, 1081.0, 10, 14.901960784313726, 88,
22.352941176470587, 993.0, 9, 14.509803921568627, 88,
21.176470588235293, 909.0, 7, 14.509803921568627, 88,
22.745098039215687, 793.5, 5, 14.509803921568627, 88,
23.92156862745098, 715.5, 4, 14.901960784313726, 88,
30.19607843137255, 660.0, 4, 16.07843137254902, 88,
31.372549019607842, 694.0, 4, 14.901960784313726, 88,
29.80392156862745, 596.5, 4, 17.647058823529413, 88,
53.333333333333336, 444.5, 6, 16.07843137254902, 88,
50.19607843137255, 664.0, 7, 16.07843137254902, 88,
40.3921568627451, 735.5, 8, 17.254901960784313, 88,
52.15686274509804, 635.0, 9, 17.647058823529413, 88,
55.294117647058826, 729.5, 10, 15.294117647058824, 88,
37.254901960784316, 1154.0, 10, 15.686274509803921, 88,
27.45098039215686, 1072.0, 9, 17.254901960784313, 88,
36.07843137254902, 962.0, 9, 16.862745098039216, 88,
37.64705882352941, 891.5, 7, 16.862745098039216, 88,
39.6078431372549, 854.0, 6, 16.862745098039216, 88,
42.35294117647059, 829.0, 6, 16.862745098039216, 88,
44.705882352941174, 742.5, 6, 18.431372549019606, 88,
60.78431372549019, 712.5, 8, 18.03921568627451, 88,
60.0, 779.5, 9, 17.254901960784313, 88,
57.254901960784316, 783.5, 11, 21.568627450980394, 88,
72.54901960784314, 920.5, 12, 22.745098039215687, 88,
74.50980392156863, 1017.0, 14, 23.137254901960784, 88,
65.49019607843137, 1096.5, 16, 17.254901960784313, 88,
38.8235294117647, 1125.0, 15, 17.254901960784313, 88,
37.64705882352941, 1036.5, 13, 16.862745098039216, 88,
38.8235294117647, 971.5, 13, 16.470588235294116, 88,
37.64705882352941, 1021.0, 13, 20.0, 88,
79.2156862745098, 1069.5, 15, 59.21568627450981, 88,
95.29411764705883, 1249.5, 17, 85.88235294117646, 88,
98.43137254901961, 1451.5, 20, 87.84313725490196, 88,
99.6078431372549, 1644.5, 23, 17.254901960784313, 88,
30.19607843137255, 1325.0, 24, 16.470588235294116, 88,
29.019607843137255, 1084.0, 24, 16.470588235294116, 88,
30.980392156862745, 905.5, 24, 16.07843137254902, 88,
36.07843137254902, 813.0, 19, 16.07843137254902, 88,
37.254901960784316, 803.5, 12, 16.07843137254902, 88,
35.294117647058826, 827.5, 9, 13.72549019607843, 88,
30.58823529411765, 691.0, 9, 16.07843137254902, 88,
49.411764705882355, 744.5, 10, 20.392156862745097, 88,
69.01960784313725, 841.0, 12, 20.392156862745097, 88,
65.88235294117646, 974.5, 14, 21.176470588235293, 88,
68.23529411764706, 1101.5, 15, 16.07843137254902, 88,
36.07843137254902, 1172.5, 16, 16.862745098039216, 88,
33.72549019607843, 1100.5, 16, 16.862745098039216, 88,
35.68627450980392, 1001.5, 14, 16.862745098039216, 88,
36.86274509803921, 955.0, 14, 16.470588235294116, 88,
40.78431372549019, 1058.5, 14, 19.607843137254903, 88,
60.0, 1135.5, 15, 20.0, 88,
53.333333333333336, 1197.5, 16, 17.254901960784313, 88,
37.254901960784316, 1118.5, 16, 16.862745098039216, 88,
35.68627450980392, 971.0, 13, 16.470588235294116, 88,
35.294117647058826, 914.0, 9, 16.470588235294116, 88,
36.470588235294116, 862.0, 8, 16.470588235294116, 88,
41.96078431372549, 600.0, 8, 16.862745098039216, 88,
55.68627450980392, 885.0, 10, 20.784313725490197, 88,
68.23529411764706, 1117.0, 11, 17.647058823529413, 88,
37.254901960784316, 1041.0, 12, 16.470588235294116, 88,
45.09803921568628, 1060.5, 13, 23.92156862745098, 88,
79.2156862745098, 1070.0, 15, 43.13725490196079, 88,
94.50980392156863, 1184.5, 17, 40.0, 88,
86.66666666666667, 1364.0, 19, 16.862745098039216, 88,
35.68627450980392, 1227.5, 19, 16.862745098039216, 89,
32.94117647058823, 1101.0, 17, 16.470588235294116, 89,
32.549019607843135, 989.5, 14, 16.470588235294116, 89,
33.72549019607843, 931.5, 12, 16.470588235294116, 89,
35.68627450980392, 851.0, 12, 14.509803921568627, 89,
28.235294117647058, 785.0, 11, 14.509803921568627, 89,
27.84313725490196, 712.5, 9, 14.509803921568627, 89,
27.45098039215686, 675.5, 6, 14.509803921568627, 89,
29.019607843137255, 647.5, 6, 14.509803921568627, 89,
29.80392156862745, 651.0, 6, 14.509803921568627, 89,
29.019607843137255, 656.0, 6, 14.509803921568627, 89,
30.58823529411765, 565.5, 6, 15.294117647058824, 89,
37.254901960784316, 592.0, 6, 14.901960784313726, 89,
37.254901960784316, 614.5, 7, 15.686274509803921, 89,
65.88235294117646, 625.0, 8, 21.96078431372549, 89,
73.72549019607843, 1295.0, 10, 20.392156862745097, 89,
55.294117647058826, 876.0, 13, 20.784313725490197, 89,
73.33333333333333, 1038.5, 15, 17.254901960784313, 89,
40.0, 1156.0, 15, 17.254901960784313, 89,
36.86274509803921, 1087.0, 15, 17.254901960784313, 89,
38.03921568627451, 749.5, 15, 17.254901960784313, 89,
55.294117647058826, 749.5, 15, 17.647058823529413, 89,
58.03921568627451, 757.0, 16, 18.03921568627451, 89,
59.6078431372549, 791.0, 16, 18.431372549019606, 89,
60.0, 818.0, 17, 18.431372549019606, 89,
58.431372549019606, 846.0, 18, 18.03921568627451, 89,
55.294117647058826, 863.5, 18, 17.647058823529413, 89,
52.15686274509804, 896.5, 18, 17.647058823529413, 89,
49.411764705882355, 906.0, 19, 20.392156862745097, 89,
73.33333333333333, 957.0, 20, 27.45098039215686, 89,
84.31372549019608, 1004.5, 22, 37.64705882352941, 89,
44.705882352941174, 1071.5, 23, 16.862745098039216, 89,
36.470588235294116, 1037.0, 23, 16.862745098039216, 89,
35.294117647058826, 973.5, 23, 16.470588235294116, 89,
35.294117647058826, 926.0, 23, 16.470588235294116, 90,
36.07843137254902, 866.5, 23, 16.07843137254902, 89,
37.254901960784316, 813.5, 24, 16.07843137254902, 89,
38.8235294117647, 764.5, 23, 16.07843137254902, 89,
39.21568627450981, 737.0, 24, 16.07843137254902, 89,
40.3921568627451, 738.5, 24, 16.07843137254902, 89,
40.3921568627451, 758.0, 24, 16.07843137254902, 89,
40.3921568627451, 753.5, 24, 16.07843137254902, 89,
40.0, 744.0, 24, 16.07843137254902, 89,
40.0, 736.0, 24, 16.07843137254902, 89,
40.78431372549019, 743.0, 24, 16.07843137254902, 89,
40.0, 765.5, 24, 16.07843137254902, 89,
39.6078431372549, 758.5, 24, 16.07843137254902, 89,
40.0, 749.0, 24, 16.07843137254902, 89,
40.0, 735.5, 24, 16.07843137254902, 89,
36.470588235294116, 861.5, 24, 16.07843137254902, 89,
34.509803921568626, 855.5, 24, 16.07843137254902, 89,
34.11764705882353, 838.0, 24, 16.07843137254902, 89,
33.333333333333336, 846.5, 24, 15.686274509803921, 89,
32.94117647058823, 843.5, 24, 23.137254901960784, 89,
79.6078431372549, 864.5, 24, 76.07843137254902, 89,
80.0, 882.0, 25, 87.05882352941177, 89,
83.13725490196079, 895.5, 26, 87.84313725490196, 89,
82.74509803921569, 949.5, 27, 87.84313725490196, 89,
83.52941176470588, 993.5, 28, 13.333333333333334, 89,
25.098039215686274, 994.0, 28, 14.509803921568627, 89,
21.568627450980394, 998.5, 28, 14.509803921568627, 89,
19.607843137254903, 1004.0, 28, 14.509803921568627, 89,
18.823529411764707, 962.0, 28, 14.509803921568627, 89,
18.431372549019606, 966.5, 27, 14.509803921568627, 89,
18.431372549019606, 959.5, 27, 14.509803921568627, 89,
18.431372549019606, 954.5, 27, 14.509803921568627, 89,
18.431372549019606, 948.5, 27, 14.509803921568627, 89,
18.431372549019606, 956.0, 26, 14.509803921568627, 89,
19.215686274509803, 939.5, 26, 14.901960784313726, 88,
26.666666666666668, 905.0, 24, 15.686274509803921, 88,
31.372549019607842, 741.0, 21, 15.294117647058824, 88,
33.72549019607843, 705.0, 18, 15.686274509803921, 88,
36.470588235294116, 775.0, 18, 16.07843137254902, 88,
38.03921568627451, 781.5, 18, 16.07843137254902, 88,
41.96078431372549, 668.0, 18, 16.470588235294116, 88,
50.98039215686274, 647.0, 18, 17.254901960784313, 88,
51.76470588235294, 862.0, 18, 17.254901960784313, 88,
46.666666666666664, 882.5, 18, 16.862745098039216, 88,
45.490196078431374, 647.5, 18, 17.647058823529413, 88,
60.3921568627451, 665.5, 19, 32.94117647058823, 88,
80.3921568627451, 682.5, 19, 84.70588235294117, 88,
71.37254901960785, 873.5, 19, 16.470588235294116, 88,
41.1764705882353, 1064.5, 17, 16.862745098039216, 88,
36.86274509803921, 999.5, 16, 16.470588235294116, 88,
68.62745098039215, 814.0, 17, 46.27450980392157, 88,
70.58823529411765, 1090.0, 17, 14.509803921568627, 88,
40.78431372549019, 1333.5, 17, 21.568627450980394, 88,
76.47058823529412, 1331.5, 19, 24.705882352941178, 88,
94.11764705882354, 1479.5, 21, 55.68627450980392, 88,
99.2156862745098, 1756.5, 25, 85.49019607843137, 88,
98.82352941176471, 1978.5, 28, 87.84313725490196, 88,
41.1764705882353, 2089.0, 29, 16.862745098039216, 88,
22.745098039215687, 1401.5, 29, 22.352941176470587, 88,
74.50980392156863, 1387.0, 29, 23.529411764705884, 88,
81.56862745098039, 1439.5, 31, 25.098039215686274, 87,
83.52941176470588, 1515.5, 32, 25.098039215686274, 87,
83.13725490196079, 1571.0, 33, 25.098039215686274, 87,
62.745098039215684, 1593.5, 34, 16.07843137254902, 87,
20.784313725490197, 1599.0, 33, 16.07843137254902, 87,
18.823529411764707, 1579.5, 33, 16.07843137254902, 87,
18.823529411764707, 1549.0, 32, 16.470588235294116, 87,
19.607843137254903, 1546.5, 32, 19.607843137254903, 87,
59.21568627450981, 1548.5, 32, 21.96078431372549, 87,
67.05882352941177, 1564.5, 33, 22.745098039215687, 87,
70.98039215686275, 1601.0, 34, 23.92156862745098, 87,
74.11764705882354, 1666.0, 35, 24.313725490196077, 87,
74.11764705882354, 1717.5, 36, 19.215686274509803, 87,
22.352941176470587, 1666.5, 36, 23.137254901960784, 87,
58.8235294117647, 1723.0, 36, 21.176470588235293, 87,
53.333333333333336, 1771.0, 37, 15.294117647058824, 87,
26.274509803921568, 1371.0, 37, 15.294117647058824, 87,
21.176470588235293, 1076.0, 36, 14.901960784313726, 87,
20.392156862745097, 1017.0, 36, 16.07843137254902, 88,
51.76470588235294, 1819.5, 36, 23.137254901960784, 88,
72.94117647058823, 1747.5, 37, 29.019607843137255, 88,
91.76470588235294, 1838.0, 39, 44.705882352941174, 88,
98.82352941176471, 1933.5, 41, 59.6078431372549, 88,
93.72549019607843, 2030.5, 43, 26.274509803921568, 89,
27.058823529411764, 1864.0, 43, 16.862745098039216, 89,
23.529411764705884, 1179.0, 42, 14.901960784313726, 89,
18.431372549019606, 1496.5, 42, 17.647058823529413, 90,
40.0, 1454.5, 42, 20.392156862745097, 90,
61.1764705882353, 1472.0, 42, 21.96078431372549, 90,
69.80392156862744, 1493.0, 43, 22.745098039215687, 90,
78.03921568627452, 1512.0, 43, 25.49019607843137, 90,
86.66666666666667, 1541.0, 44, 27.058823529411764, 90,
56.470588235294116, 1543.0, 44, 16.07843137254902, 90,
19.215686274509803, 1554.5, 44, 21.568627450980394, 90,
63.92156862745098, 1551.5, 44, 22.352941176470587, 90,
69.01960784313725, 1571.5, 45, 22.745098039215687, 90,
70.19607843137256, 1587.0, 45, 22.352941176470587, 90,
62.745098039215684, 1619.5, 46, 12.549019607843137, 90,
20.784313725490197, 1566.0, 46, 16.07843137254902, 90,
18.823529411764707, 1604.0, 45, 18.431372549019606, 90,
45.490196078431374, 1611.0, 46, 20.0, 90,
52.15686274509804, 1625.0, 46, 21.568627450980394, 90,
60.3921568627451, 1648.0, 47, 21.96078431372549, 90,
67.84313725490196, 1672.0, 48, 23.529411764705884, 90,
71.37254901960785, 1701.0, 49, 13.72549019607843, 90,
20.392156862745097, 1688.5, 48, 16.470588235294116, 90,
21.176470588235293, 1687.5, 48, 16.862745098039216, 90,
21.568627450980394, 1653.5, 47, 16.470588235294116, 89,
20.392156862745097, 1632.5, 46, 16.470588235294116, 89,
21.96078431372549, 1617.0, 46, 16.470588235294116, 89,
21.568627450980394, 1585.0, 45, 16.07843137254902, 88,
20.0, 1558.5, 43, 16.07843137254902, 88,
20.0, 1513.0, 42, 16.07843137254902, 88,
19.607843137254903, 1478.5, 42, 16.07843137254902, 88,
20.784313725490197, 1440.5, 41, 15.686274509803921, 88,
20.392156862745097, 1400.5, 40, 15.686274509803921, 87,
67.84313725490196, 1408.0, 40, 23.529411764705884, 87,
82.3529411764706, 1418.0, 41, 25.098039215686274, 87,
85.09803921568627, 1455.0, 42, 25.88235294117647, 87,
88.23529411764706, 1488.0, 43, 27.45098039215686, 87,
76.86274509803921, 1518.0, 43, 16.07843137254902, 87,
20.0, 1509.0, 43, 16.07843137254902, 87,
18.823529411764707, 1497.5, 42, 16.07843137254902, 87,
20.784313725490197, 1455.5, 41, 25.098039215686274, 87,
72.15686274509804, 1469.5, 42, 22.745098039215687, 87,
69.80392156862744, 1500.5, 43, 22.745098039215687, 87,
72.15686274509804, 1540.0, 44, 14.117647058823529, 87,
22.352941176470587, 1501.5, 43, 15.686274509803921, 87,
20.392156862745097, 1512.5, 43, 16.07843137254902, 87,
20.784313725490197, 1480.5, 42, 16.07843137254902, 87,
23.529411764705884, 1194.0, 39, 14.901960784313726, 87,
20.784313725490197, 1123.5, 36, 14.901960784313726, 87,
21.568627450980394, 1328.0, 35, 22.745098039215687, 87,
87.84313725490196, 1283.5, 37, 42.35294117647059, 87,
97.6470588235294, 1309.0, 38, 82.74509803921569, 87,
97.6470588235294, 1373.0, 39, 87.84313725490196, 88,
98.43137254901961, 1406.0, 40, 87.84313725490196, 88,
98.82352941176471, 1430.0, 41, 87.84313725490196, 88,
99.2156862745098, 1463.5, 42, 87.84313725490196, 88,
99.2156862745098, 1500.5, 43, 87.84313725490196, 88,
99.6078431372549, 1546.5, 44, 87.84313725490196, 89,
99.6078431372549, 1596.5, 45, 87.84313725490196, 90,
99.6078431372549, 1638.5, 47, 87.84313725490196, 90,
99.6078431372549, 1684.5, 48, 87.84313725490196, 90,
99.6078431372549, 1715.0, 49, 87.84313725490196, 90,
98.82352941176471, 1771.5, 50, 87.84313725490196, 90,
98.82352941176471, 1804.5, 51, 87.84313725490196, 90,
98.82352941176471, 1836.5, 53, 87.84313725490196, 90,
98.82352941176471, 1870.5, 54, 87.84313725490196, 91,
98.82352941176471, 1918.0, 55, 87.84313725490196, 91,
99.6078431372549, 1976.5, 57, 87.84313725490196, 91,
99.6078431372549, 2021.0, 58, 87.84313725490196, 91,
99.6078431372549, 2065.0, 59, 87.84313725490196, 91,
99.6078431372549, 2106.5, 60, 87.84313725490196, 91,
99.6078431372549, 2146.0, 61, 87.84313725490196, 91,
99.6078431372549, 2195.5, 63, 87.84313725490196, 91,
27.45098039215686, 2196.5, 63, 16.862745098039216, 90,
19.215686274509803, 2202.0, 62, 17.647058823529413, 90,
21.96078431372549, 2176.0, 62, 17.647058823529413, 90,
20.392156862745097, 2155.0, 61, 19.607843137254903, 90,
92.15686274509804, 2177.5, 63, 47.450980392156865, 90,
99.6078431372549, 2235.0, 64, 84.31372549019608, 90,
99.6078431372549, 2286.5, 65, 87.84313725490196, 90,
99.6078431372549, 2285.0, 66, 87.84313725490196, 90,
99.6078431372549, 2342.0, 67, 87.84313725490196, 90,
99.6078431372549, 2375.0, 68, 87.84313725490196, 90,
25.88235294117647, 2392.5, 68, 17.254901960784313, 89,
20.784313725490197, 2363.5, 67, 18.03921568627451, 89,
15.294117647058824, 2349.0, 66, 18.431372549019606, 89,
24.313725490196077, 2295.5, 65, 17.647058823529413, 88,
21.96078431372549, 1321.5, 62, 16.07843137254902, 88,
28.627450980392158, 982.5, 58, 16.07843137254902, 88,
27.84313725490196, 852.0, 55, 14.509803921568627, 88,
25.49019607843137, 761.0, 49, 14.509803921568627, 88,
25.88235294117647, 707.0, 43, 14.509803921568627, 88,
28.235294117647058, 660.5, 41, 14.117647058823529, 88,
29.41176470588235, 865.5, 41, 19.215686274509803, 87,
52.94117647058823, 1450.0, 41, 20.392156862745097, 87,
66.27450980392157, 1490.0, 43, 22.352941176470587, 88,
72.54901960784314, 1535.5, 44, 23.137254901960784, 88,
74.50980392156863, 1580.5, 45, 14.117647058823529, 88,
26.274509803921568, 1205.5, 45, 14.901960784313726, 88,
21.96078431372549, 1059.0, 46, 14.509803921568627, 88,
20.392156862745097, 977.0, 45, 14.509803921568627, 88,
21.176470588235293, 868.0, 44, 14.117647058823529, 88,
23.137254901960784, 764.0, 43, 16.07843137254902, 88,
30.980392156862745, 667.0, 41, 15.294117647058824, 88,
35.294117647058826, 706.0, 35, 15.294117647058824, 88,
35.68627450980392, 762.0, 29, 15.686274509803921, 88,
36.470588235294116, 758.0, 23, 15.686274509803921, 88,
37.254901960784316, 751.0, 20, 15.686274509803921, 88,
37.64705882352941, 752.0, 17, 15.686274509803921, 88,
37.64705882352941, 767.0, 14, 15.686274509803921, 88,
36.86274509803921, 766.5, 13, 15.686274509803921, 88,
37.254901960784316, 757.5, 11, 15.686274509803921, 88,
38.03921568627451, 747.5, 10, 15.686274509803921, 88,
40.3921568627451, 754.0, 10, 21.96078431372549, 88,
49.01960784313726, 1066.0, 9, 15.686274509803921, 88,
34.509803921568626, 903.0, 6, 16.07843137254902, 88,
36.470588235294116, 776.5, 5, 15.686274509803921, 88,
37.254901960784316, 754.0, 5, 16.07843137254902, 88,
41.1764705882353, 739.5, 4, 16.07843137254902, 88,
68.62745098039215, 1004.0, 5, 23.137254901960784, 88,
69.80392156862744, 1217.0, 7, 21.96078431372549, 88,
75.68627450980392, 883.5, 9, 35.68627450980392, 89,
79.6078431372549, 795.5, 11, 81.17647058823529, 89,
80.0, 947.0, 13, 87.45098039215686, 89,
87.45098039215686, 1110.5, 15, 15.294117647058824, 89,
32.94117647058823, 1191.5, 13, 16.470588235294116, 88,
31.764705882352942, 1038.0, 13, 15.686274509803921, 89,
35.294117647058826, 925.0, 12, 20.392156862745097, 89,
72.54901960784314, 1034.0, 14, 23.137254901960784, 89,
77.6470588235294, 1103.0, 15, 23.92156862745098, 89,
81.56862745098039, 1204.0, 17, 22.745098039215687, 89,
77.6470588235294, 1365.0, 19, 22.745098039215687, 89,
54.509803921568626, 1425.5, 20, 22.745098039215687, 89,
72.94117647058823, 1549.5, 21, 23.92156862745098, 89,
32.549019607843135, 1306.5, 22, 16.470588235294116, 89,
31.372549019607842, 1023.5, 21, 16.470588235294116, 89,
68.62745098039215, 1003.0, 22, 27.058823529411764, 89,
89.80392156862744, 1079.0, 23, 67.84313725490196, 89,
92.54901960784314, 1130.5, 24, 39.21568627450981, 89,
94.11764705882354, 1195.0, 25, 31.764705882352942, 89,
36.470588235294116, 1227.5, 25, 16.07843137254902, 89,
30.58823529411765, 1273.5, 25, 21.176470588235293, 89,
70.98039215686275, 1229.5, 26, 21.96078431372549, 89,
74.11764705882354, 1265.0, 26, 13.333333333333334, 89,
23.137254901960784, 1199.5, 26, 15.294117647058824, 89,
20.784313725490197, 1227.5, 25, 14.901960784313726, 89,
19.607843137254903, 1189.0, 24, 14.901960784313726, 89,
19.215686274509803, 1148.0, 23, 14.901960784313726, 89,
19.215686274509803, 1150.0, 23, 18.823529411764707, 89,
54.11764705882353, 1115.5, 23, 19.215686274509803, 89,
28.235294117647058, 1132.0, 23, 14.901960784313726, 88,
20.0, 1116.0, 23, 14.901960784313726, 88,
18.431372549019606, 1085.0, 22, 14.901960784313726, 88,
18.431372549019606, 1047.0, 22, 19.607843137254903, 88,
60.0, 1086.0, 23, 11.372549019607844, 88,
24.313725490196077, 1078.0, 22, 14.901960784313726, 88,
20.392156862745097, 1032.0, 21, 19.215686274509803, 88,
51.372549019607845, 1035.0, 21, 19.607843137254903, 88,
38.431372549019606, 1050.0, 22, 16.470588235294116, 88,
34.509803921568626, 1047.0, 21, 24.705882352941178, 88,
85.49019607843137, 1055.0, 22, 57.254901960784316, 88,
91.37254901960785, 1085.0, 23, 25.098039215686274, 88,
83.92156862745098, 1138.0, 24, 25.49019607843137, 88,
87.05882352941177, 1172.5, 25, 26.274509803921568, 88,
89.41176470588235, 1215.0, 25, 27.45098039215686, 88,
90.58823529411765, 1263.0, 26, 27.45098039215686, 88,
91.37254901960785, 1304.5, 27, 13.333333333333334, 88,
29.80392156862745, 1302.0, 27, 16.07843137254902, 88,
39.21568627450981, 1338.5, 27, 20.392156862745097, 88,
67.05882352941177, 1300.0, 27, 21.176470588235293, 88,
68.62745098039215, 1345.5, 28, 10.980392156862745, 88,
21.96078431372549, 1341.5, 27, 15.294117647058824, 88,
20.0, 1288.5, 26, 15.294117647058824, 88,
54.90196078431372, 1269.5, 26, 20.392156862745097, 88,
63.13725490196079, 1266.5, 27, 20.392156862745097, 88,
63.92156862745098, 1307.5, 27, 20.784313725490197, 88,
65.09803921568627, 1339.5, 28, 21.568627450980394, 88,
71.37254901960785, 1377.5, 29, 22.352941176470587, 88,
75.29411764705883, 1423.5, 30, 23.529411764705884, 88,
81.56862745098039, 1484.5, 31, 20.784313725490197, 88,
23.92156862745098, 1439.0, 31, 15.686274509803921, 88,
18.823529411764707, 1428.0, 29, 15.686274509803921, 88,
21.176470588235293, 1312.0, 28, 22.745098039215687, 88,
64.70588235294117, 1347.0, 28, 20.784313725490197, 88,
72.54901960784314, 1371.5, 29, 22.745098039215687, 88,
76.86274509803921, 1392.5, 29, 23.137254901960784, 88,
78.03921568627452, 1427.5, 30, 23.529411764705884, 88,
78.03921568627452, 1453.0, 30, 23.529411764705884, 88,
77.6470588235294, 1471.0, 31, 14.901960784313726, 88,
22.745098039215687, 1469.0, 30, 16.07843137254902, 88,
21.96078431372549, 1396.0, 29, 16.07843137254902, 88,
24.705882352941178, 1370.5, 28, 21.96078431372549, 88,
74.90196078431373, 1362.5, 29, 21.96078431372549, 88,
68.62745098039215, 1409.5, 30, 21.96078431372549, 88,
70.19607843137256, 1442.5, 31, 21.96078431372549, 88,
69.80392156862744, 1484.5, 31, 22.352941176470587, 88,
68.62745098039215, 1539.0, 32, 13.333333333333334, 88,
19.607843137254903, 1514.0, 31, 16.07843137254902, 88,
18.431372549019606, 1449.5, 30, 16.07843137254902, 88,
21.176470588235293, 1405.5, 29, 15.686274509803921, 88,
21.176470588235293, 1344.5, 27, 15.294117647058824, 88,
19.607843137254903, 1360.5, 26, 15.294117647058824, 89,
27.45098039215686, 1238.0, 26, 21.96078431372549, 89,
71.37254901960785, 1230.5, 26, 23.529411764705884, 89,
78.43137254901961, 1261.5, 26, 27.058823529411764, 88,
89.80392156862744, 1294.5, 28, 26.274509803921568, 88,
89.01960784313725, 1354.0, 28, 26.274509803921568, 88,
89.41176470588235, 1394.0, 30, 26.666666666666668, 88,
88.62745098039215, 1468.0, 31, 26.274509803921568, 89,
58.431372549019606, 1489.0, 31, 14.901960784313726, 89,
20.784313725490197, 1450.0, 30, 16.07843137254902, 89,
20.784313725490197, 1399.0, 29, 16.07843137254902, 89,
21.96078431372549, 1375.5, 28, 20.784313725490197, 89,
65.09803921568627, 1367.0, 29, 21.568627450980394, 89,
70.58823529411765, 1402.5, 29, 21.96078431372549, 89,
71.76470588235294, 1438.0, 30, 22.352941176470587, 89,
72.54901960784314, 1469.5, 31, 11.372549019607844, 89,
22.745098039215687, 1477.0, 31, 20.0, 90,
58.8235294117647, 1497.0, 32, 21.176470588235293, 89,
64.31372549019608, 1544.5, 32, 21.96078431372549, 90,
65.88235294117646, 1577.5, 33, 22.352941176470587, 90,
26.274509803921568, 1585.5, 33, 20.0, 90,
51.76470588235294, 1610.5, 34, 20.392156862745097, 90,
52.94117647058823, 1621.0, 34, 20.392156862745097, 90,
20.392156862745097, 1606.5, 33, 16.07843137254902, 90,
16.07843137254902, 1559.5, 32, 16.862745098039216, 90,
38.8235294117647, 1564.5, 32, 19.607843137254903, 90,
58.431372549019606, 1549.5, 32, 13.333333333333334, 90,
60.3921568627451, 1582.0, 33, 23.529411764705884, 89,
88.23529411764706, 1607.0, 33, 32.94117647058823, 90,
99.6078431372549, 1647.0, 35, 78.82352941176471, 89,
99.2156862745098, 1691.0, 36, 87.84313725490196, 89,
98.82352941176471, 1785.5, 38, 87.84313725490196, 89,
98.43137254901961, 1853.0, 39, 87.84313725490196, 89,
98.82352941176471, 1937.0, 41, 87.84313725490196, 89,
99.6078431372549, 2033.5, 43, 87.84313725490196, 89,
99.6078431372549, 2090.5, 45, 87.84313725490196, 90,
99.6078431372549, 2213.0, 47, 87.84313725490196, 90,
99.6078431372549, 2296.0, 49, 87.84313725490196, 90,
99.6078431372549, 2371.5, 50, 87.84313725490196, 90,
99.6078431372549, 2465.5, 52, 87.84313725490196, 90,
99.6078431372549, 2582.0, 54, 87.84313725490196, 90,
99.6078431372549, 2666.0, 57, 27.058823529411764, 90,
24.705882352941178, 2571.5, 56, 27.84313725490196, 90,
93.33333333333333, 1984.5, 57, 51.76470588235294, 90,
99.6078431372549, 2023.5, 57, 86.66666666666667, 90,
99.6078431372549, 2052.5, 59, 87.84313725490196, 90,
99.6078431372549, 2084.5, 60, 87.84313725490196, 90,
99.6078431372549, 2107.0, 60, 87.84313725490196, 90,
99.6078431372549, 2149.5, 61, 87.84313725490196, 90,
31.372549019607842, 2135.5, 62, 16.862745098039216, 90,
18.823529411764707, 2141.5, 60, 17.647058823529413, 90,
21.176470588235293, 2079.0, 59, 17.647058823529413, 90,
21.568627450980394, 2043.5, 58, 17.647058823529413, 90,
21.176470588235293, 2007.5, 57, 17.254901960784313, 90,
22.745098039215687, 1959.0, 55, 17.254901960784313, 90,
21.568627450980394, 1923.5, 54, 17.254901960784313, 90,
21.568627450980394, 1892.5, 53, 20.0, 90,
76.47058823529412, 1894.5, 54, 26.274509803921568, 90,
78.43137254901961, 1909.0, 54, 26.666666666666668, 90,
81.96078431372548, 1937.5, 55, 28.235294117647058, 90,
85.49019607843137, 1980.0, 57, 29.019607843137255, 90,
86.27450980392157, 2020.0, 58, 29.41176470588235, 90,
46.27450980392157, 2043.5, 58, 17.254901960784313, 90,
24.705882352941178, 1188.5, 57, 14.901960784313726, 90,
16.470588235294116, 1540.5, 57, 16.07843137254902, 90,
16.470588235294116, 1553.5, 56, 16.07843137254902, 90,
17.254901960784313, 1542.5, 56, 16.07843137254902, 90,
17.647058823529413, 1526.5, 55, 16.07843137254902, 90,
17.647058823529413, 1512.0, 55, 16.07843137254902, 90,
18.03921568627451, 1499.0, 54, 16.07843137254902, 90,
18.823529411764707, 1498.5, 54, 16.470588235294116, 90,
20.784313725490197, 1464.0, 53, 16.07843137254902, 90,
20.784313725490197, 1452.5, 53, 16.07843137254902, 90,
20.784313725490197, 1443.5, 52, 24.313725490196077, 90,
76.47058823529412, 1463.5, 53, 23.92156862745098, 90,
81.96078431372548, 1456.0, 53, 25.098039215686274, 90,
85.49019607843137, 1485.5, 54, 26.274509803921568, 90,
87.45098039215686, 1515.5, 55, 26.666666666666668, 90,
87.45098039215686, 1533.5, 56, 12.156862745098039, 90,
21.96078431372549, 1532.0, 55, 16.07843137254902, 90,
18.03921568627451, 1516.5, 55, 16.07843137254902, 90,
18.823529411764707, 1499.5, 54, 16.07843137254902, 90,
20.784313725490197, 1490.0, 54, 16.07843137254902, 90,
20.0, 1484.0, 54, 15.686274509803921, 90,
20.0, 1481.0, 53, 15.686274509803921, 90,
20.392156862745097, 1454.0, 53, 15.686274509803921, 90,
19.607843137254903, 1448.5, 52, 15.686274509803921, 90,
19.607843137254903, 1427.5, 52, 15.686274509803921, 90,
19.607843137254903, 1410.0, 51, 15.686274509803921, 90,
19.607843137254903, 1396.0, 50, 15.686274509803921, 90,
20.0, 1384.0, 50, 15.294117647058824, 90,
19.607843137254903, 1367.5, 49, 15.294117647058824, 89,
19.607843137254903, 1346.5, 49, 15.294117647058824, 89,
19.607843137254903, 1331.0, 48, 16.07843137254902, 89,
22.745098039215687, 1320.0, 48, 15.686274509803921, 89,
22.352941176470587, 1307.0, 47, 15.686274509803921, 88,
21.96078431372549, 1303.0, 47, 15.686274509803921, 88,
22.352941176470587, 1299.5, 47, 15.686274509803921, 88,
23.137254901960784, 1286.0, 47, 16.07843137254902, 88,
25.098039215686274, 1033.0, 45, 16.07843137254902, 88,
30.980392156862745, 858.0, 42, 15.686274509803921, 88,
33.333333333333336, 795.5, 42, 15.686274509803921, 88,
35.294117647058826, 766.5, 41, 15.686274509803921, 88,
36.07843137254902, 768.5, 41, 15.686274509803921, 88,
36.470588235294116, 754.0, 40, 15.686274509803921, 88,
36.470588235294116, 748.5, 38, 15.686274509803921, 88,
36.470588235294116, 747.0, 33, 15.686274509803921, 88,
36.470588235294116, 754.5, 28, 15.686274509803921, 88,
36.86274509803921, 740.0, 28, 15.686274509803921, 88,
36.86274509803921, 742.5, 27, 15.686274509803921, 88,
36.86274509803921, 748.0, 26, 15.686274509803921, 88,
36.86274509803921, 743.5, 25, 15.686274509803921, 88,
38.03921568627451, 747.0, 25, 15.686274509803921, 88,
37.254901960784316, 751.5, 25, 15.686274509803921, 88,
36.470588235294116, 750.5, 25, 15.686274509803921, 88,
36.07843137254902, 772.0, 25, 15.686274509803921, 88,
36.07843137254902, 736.5, 25, 15.686274509803921, 88,
38.431372549019606, 735.5, 24, 15.686274509803921, 88,
38.03921568627451, 741.5, 24, 15.686274509803921, 88,
37.254901960784316, 748.0, 24, 15.686274509803921, 88,
38.03921568627451, 750.5, 23, 15.686274509803921, 88,
38.431372549019606, 755.5, 18, 15.686274509803921, 88,
37.64705882352941, 751.5, 12, 15.686274509803921, 88,
37.64705882352941, 751.0, 8, 15.686274509803921, 88,
37.254901960784316, 753.5, 3, 15.686274509803921, 88,
39.6078431372549, 735.0, 0, 15.686274509803921, 88,
40.3921568627451, 754.5, 0, 16.07843137254902, 88,
37.64705882352941, 1417.5, 1, 17.254901960784313, 88,
30.19607843137255, 1467.0, 2, 18.03921568627451, 88,
25.098039215686274, 1341.5, 3, 14.901960784313726, 89,
21.568627450980394, 922.0, 4, 14.509803921568627, 88,
27.058823529411764, 710.0, 4, 14.901960784313726, 88,
26.666666666666668, 770.5, 4, 16.470588235294116, 88,
42.35294117647059, 1005.5, 5, 17.254901960784313, 88,
38.03921568627451, 1284.0, 7, 20.392156862745097, 88,
58.03921568627451, 1424.0, 11, 20.784313725490197, 88,
52.549019607843135, 1828.0, 14, 22.352941176470587, 88,
56.86274509803921, 2241.0, 17, 23.137254901960784, 88,
56.86274509803921, 2628.5, 20, 18.823529411764707, 88,
27.45098039215686, 1906.5, 20, 16.07843137254902, 88,
27.058823529411764, 1038.0, 20, 18.03921568627451, 88,
50.19607843137255, 1543.0, 21, 21.176470588235293, 88,
62.745098039215684, 1701.0, 23, 22.745098039215687, 87,
65.09803921568627, 1843.5, 25, 23.529411764705884, 87,
67.05882352941177, 1972.5, 28, 24.705882352941178, 87,
69.01960784313725, 2161.0, 30, 25.098039215686274, 87,
70.19607843137256, 2322.5, 32, 28.235294117647058, 87,
79.2156862745098, 2484.0, 35, 16.862745098039216, 87,
26.666666666666668, 1607.5, 35, 19.607843137254903, 87,
56.86274509803921, 1754.5, 36, 21.568627450980394, 87,
63.92156862745098, 1761.0, 38, 22.745098039215687, 87,
63.92156862745098, 1863.5, 40, 23.137254901960784, 87,
64.31372549019608, 1947.5, 41, 18.823529411764707, 87,
20.0, 1961.5, 41, 16.862745098039216, 88,
20.0, 1965.5, 41, 17.647058823529413, 88,
24.705882352941178, 1957.0, 41, 17.254901960784313, 88,
22.352941176470587, 1948.0, 41, 17.254901960784313, 88,
21.96078431372549, 1930.5, 40, 19.215686274509803, 88,
22.745098039215687, 1944.0, 41, 16.470588235294116, 89,
18.03921568627451, 1960.5, 41, 17.254901960784313, 89,
25.098039215686274, 1925.5, 40, 17.254901960784313, 89,
24.705882352941178, 1913.5, 40, 17.254901960784313, 89,
34.11764705882353, 1894.0, 40, 15.686274509803921, 90,
16.862745098039216, 1907.0, 40, 17.254901960784313, 90,
24.705882352941178, 1885.0, 39, 17.254901960784313, 90,
21.568627450980394, 1852.5, 38, 16.862745098039216, 90,
21.568627450980394, 1810.5, 38, 16.862745098039216, 90,
21.176470588235293, 1787.5, 37, 16.470588235294116, 90,
20.392156862745097, 1754.0, 36, 16.470588235294116, 90,
20.0, 1705.5, 36, 16.470588235294116, 90,
20.392156862745097, 1679.0, 35, 16.470588235294116, 89,
20.0, 1639.0, 34, 16.07843137254902, 89,
19.215686274509803, 1588.5, 33, 16.07843137254902, 88,
23.529411764705884, 1171.0, 31, 16.470588235294116, 88,
27.058823529411764, 893.5, 25, 14.901960784313726, 88,
23.137254901960784, 881.0, 19, 14.509803921568627, 88,
22.745098039215687, 788.0, 11, 14.509803921568627, 88,
24.705882352941178, 728.5, 6, 14.117647058823529, 88,
25.88235294117647, 681.5, 3, 14.117647058823529, 88,
26.274509803921568, 654.0, 2, 14.117647058823529, 88,
26.666666666666668, 651.5, 1, 14.117647058823529, 88,
27.45098039215686, 645.0, 0, 14.117647058823529, 88,
28.235294117647058, 660.0, 0, 15.686274509803921, 88,
24.313725490196077, 1012.5, 1, 14.509803921568627, 88,
21.568627450980394, 818.0, 1, 14.117647058823529, 88,
22.352941176470587, 714.5, 1, 14.117647058823529, 88,
24.705882352941178, 662.0, 1, 14.117647058823529, 88,
28.235294117647058, 668.5, 0, 15.686274509803921, 88,
36.07843137254902, 675.5, 0, 14.901960784313726, 88,
30.58823529411765, 729.5, 0, 14.901960784313726, 88,
28.235294117647058, 745.0, 0, 14.901960784313726, 88,
28.627450980392158, 740.0, 0, 16.862745098039216, 88,
40.3921568627451, 743.0, 0, 16.470588235294116, 88,
41.1764705882353, 763.0, 0, 16.07843137254902, 88,
40.3921568627451, 764.0, 0, 16.07843137254902, 88,
40.3921568627451, 751.5, 0, 16.07843137254902, 88,
41.1764705882353, 745.5, 0, 16.07843137254902, 88,
41.568627450980394, 757.5, 0, 16.07843137254902, 88,
41.96078431372549, 758.0, 0, 16.07843137254902, 88,
41.568627450980394, 769.5, 0, 16.07843137254902, 88,
41.568627450980394, 768.5, 0, 16.07843137254902, 88,
41.1764705882353, 766.5, 0, 16.07843137254902, 88,
41.568627450980394, 761.0, 0, 16.07843137254902, 88,
41.568627450980394, 769.5, 0, 16.470588235294116, 88,
41.96078431372549, 772.0, 0, 16.07843137254902, 88,
41.96078431372549, 776.5, 0, 16.470588235294116, 88,
41.568627450980394, 778.5, 0, 16.470588235294116, 88,
41.568627450980394, 772.0, 0, 16.470588235294116, 88,
42.35294117647059, 797.5, 0, 16.470588235294116, 88,
41.568627450980394, 800.0, 0, 16.470588235294116, 88,
41.568627450980394, 785.0, 0, 16.470588235294116, 88,
41.568627450980394, 779.5, 0, 16.470588235294116, 88,
43.529411764705884, 770.0, 0, 16.470588235294116, 88,
43.92156862745098, 780.0, 0, 16.470588235294116, 88,
42.745098039215684, 813.0, 0, 16.470588235294116, 88,
41.96078431372549, 806.0, 0, 16.470588235294116, 89,
41.568627450980394, 809.0, 0, 16.470588235294116, 89,
41.96078431372549, 799.0, 0, 16.470588235294116, 89,
43.529411764705884, 789.0, 0, 16.470588235294116, 89,
43.92156862745098, 805.5, 0, 16.470588235294116, 89,
43.529411764705884, 799.5, 0, 16.470588235294116, 89,
42.745098039215684, 828.5, 0, 16.470588235294116, 89,
41.96078431372549, 831.0, 0, 16.470588235294116, 89,
41.568627450980394, 827.5, 0, 16.470588235294116, 89,
42.35294117647059, 814.5, 0, 16.862745098039216, 89,
42.35294117647059, 835.0, 0, 16.862745098039216, 89,
41.96078431372549, 861.5, 0, 16.862745098039216, 89,
42.745098039215684, 868.0, 0, 16.862745098039216, 89,
42.745098039215684, 843.5, 0, 16.862745098039216, 89,
43.13725490196079, 847.5, 0, 16.470588235294116, 89,
30.19607843137255, 862.5, 0, 14.901960784313726, 89,
26.274509803921568, 765.5, 0, 14.509803921568627, 89,
25.88235294117647, 718.5, 0, 14.117647058823529, 89,
25.88235294117647, 676.5, 0, 14.117647058823529, 89,
28.627450980392158, 644.0, 0, 14.117647058823529, 89,
28.627450980392158, 638.0, 0, 14.509803921568627, 89,
28.627450980392158, 651.5, 0, 14.117647058823529, 89,
27.84313725490196, 631.5, 0, 14.117647058823529, 90,
27.45098039215686, 659.5, 0, 14.117647058823529, 90,
27.058823529411764, 652.0, 0, 14.117647058823529, 90,
27.058823529411764, 653.0, 0, 14.117647058823529, 90,
27.058823529411764, 656.0, 0, 14.117647058823529, 90,
27.84313725490196, 643.0, 0, 15.294117647058824, 90,
36.86274509803921, 626.0, 0, 14.901960784313726, 90,
30.19607843137255, 759.5, 0, 14.509803921568627, 90,
26.274509803921568, 766.5, 0, 14.509803921568627, 90,
27.84313725490196, 749.0, 0, 16.470588235294116, 90,
41.568627450980394, 770.0, 0, 16.07843137254902, 90,
38.431372549019606, 808.5, 0, 16.07843137254902, 90,
37.254901960784316, 797.5, 0, 16.862745098039216, 90,
42.745098039215684, 811.0, 0, 16.470588235294116, 90,
43.13725490196079, 894.0, 0, 18.823529411764707, 90,
53.72549019607843, 1442.5, 1, 19.215686274509803, 90,
50.19607843137255, 1101.0, 4, 18.823529411764707, 90,
50.98039215686274, 1100.0, 4, 17.647058823529413, 90,
38.431372549019606, 1207.0, 4, 17.254901960784313, 89,
36.07843137254902, 1164.5, 4, 17.647058823529413, 89,
39.21568627450981, 993.5, 5, 17.254901960784313, 89,
42.35294117647059, 933.5, 5, 17.254901960784313, 89,
43.92156862745098, 777.5, 5, 17.647058823529413, 89,
50.588235294117645, 884.5, 6, 17.254901960784313, 89,
48.627450980392155, 810.5, 6, 17.254901960784313, 89,
46.666666666666664, 868.0, 6, 15.294117647058824, 88,
27.45098039215686, 891.0, 6, 15.294117647058824, 89,
26.666666666666668, 842.5, 6, 14.901960784313726, 89,
52.549019607843135, 911.0, 7, 19.607843137254903, 89,
57.64705882352941, 1323.5, 10, 20.392156862745097, 89,
55.294117647058826, 1649.5, 13, 21.568627450980394, 89,
30.58823529411765, 1708.5, 15, 16.470588235294116, 89,
24.313725490196077, 1125.5, 14, 15.294117647058824, 88,
22.745098039215687, 1066.0, 14, 16.470588235294116, 88,
28.627450980392158, 1039.5, 14, 16.07843137254902, 88,
30.19607843137255, 1018.0, 13, 16.07843137254902, 88,
30.58823529411765, 984.0, 13, 23.529411764705884, 88,
74.11764705882354, 977.0, 14, 26.666666666666668, 88,
87.84313725490196, 1134.5, 16, 25.88235294117647, 88,
85.09803921568627, 1278.0, 18, 23.529411764705884, 88,
76.86274509803921, 1445.5, 20, 22.745098039215687, 88,
58.03921568627451, 1525.5, 21, 17.254901960784313, 88,
21.568627450980394, 1481.0, 21, 16.470588235294116, 88,
20.392156862745097, 1474.0, 20, 16.07843137254902, 88,
21.176470588235293, 1436.0, 19, 16.470588235294116, 88,
22.352941176470587, 1399.5, 19, 16.470588235294116, 88,
23.137254901960784, 1364.0, 18, 16.470588235294116, 88,
23.92156862745098, 1333.5, 18, 16.470588235294116, 88,
56.07843137254902, 1375.0, 18, 21.568627450980394, 88,
76.07843137254902, 1442.0, 20, 23.137254901960784, 87,
60.0, 1515.5, 21, 15.294117647058824, 87,
20.784313725490197, 1560.5, 21, 16.470588235294116, 87,
20.784313725490197, 1478.5, 20, 16.470588235294116, 87,
22.352941176470587, 1448.0, 19, 16.470588235294116, 87,
23.92156862745098, 1416.0, 19, 16.470588235294116, 87,
31.372549019607842, 1385.0, 18, 20.0, 87,
62.745098039215684, 1444.0, 20, 21.176470588235293, 87,
61.568627450980394, 1559.0, 22, 21.568627450980394, 87,
61.568627450980394, 1722.5, 24, 22.745098039215687, 87,
65.09803921568627, 1866.0, 26, 23.529411764705884, 87,
64.70588235294117, 2062.0, 28, 23.92156862745098, 87,
63.529411764705884, 2210.0, 31, 23.92156862745098, 87,
62.745098039215684, 2340.0, 32, 25.49019607843137, 87,
54.90196078431372, 2330.0, 33, 18.03921568627451, 87,
26.274509803921568, 1593.5, 33, 16.07843137254902, 87,
21.176470588235293, 1154.5, 33, 14.901960784313726, 88,
20.0, 1043.0, 33, 14.901960784313726, 88,
21.176470588235293, 995.0, 32, 22.352941176470587, 88,
32.15686274509804, 1524.5, 33, 23.137254901960784, 88,
71.76470588235294, 1635.5, 35, 25.49019607843137, 88,
86.27450980392157, 1706.5, 36, 30.19607843137255, 89,
93.33333333333333, 1820.5, 38, 52.15686274509804, 89,
98.43137254901961, 1903.5, 40, 79.6078431372549, 90,
63.92156862745098, 1970.5, 41, 23.137254901960784, 90,
67.84313725490196, 2000.0, 42, 25.49019607843137, 90,
79.6078431372549, 2068.5, 44, 28.235294117647058, 90,
41.568627450980394, 2142.0, 44, 19.607843137254903, 90,
46.666666666666664, 2133.0, 44, 26.274509803921568, 90,
81.17647058823529, 2155.5, 45, 29.019607843137255, 90,
63.92156862745098, 2147.0, 46, 23.92156862745098, 90,
65.88235294117646, 2241.5, 47, 27.84313725490196, 90,
81.56862745098039, 2287.5, 49, 29.019607843137255, 90,
81.56862745098039, 2377.5, 50, 29.019607843137255, 90,
79.6078431372549, 2458.5, 52, 29.019607843137255, 90,
62.35294117647059, 2498.5, 53, 18.431372549019606, 90,
23.92156862745098, 1832.0, 52, 16.862745098039216, 90,
21.96078431372549, 1813.5, 51, 16.862745098039216, 90,
21.96078431372549, 1787.5, 50, 16.862745098039216, 90,
21.568627450980394, 1764.5, 50, 16.862745098039216, 90,
21.176470588235293, 1744.0, 49, 16.470588235294116, 90,
20.784313725490197, 1706.5, 49, 16.470588235294116, 90,
20.392156862745097, 1688.0, 48, 16.470588235294116, 90,
20.0, 1673.5, 47, 16.470588235294116, 90,
20.0, 1624.0, 46, 16.470588235294116, 89,
19.607843137254903, 1556.5, 45, 16.07843137254902, 89,
29.80392156862745, 892.5, 44, 16.07843137254902, 88,
33.72549019607843, 843.5, 43, 16.07843137254902, 88,
35.68627450980392, 818.0, 43, 16.07843137254902, 88,
35.68627450980392, 785.5, 42, 16.07843137254902, 88,
22.352941176470587, 1473.0, 41, 17.254901960784313, 88,
33.72549019607843, 1454.5, 40, 20.784313725490197, 88,
60.78431372549019, 1422.5, 40, 21.568627450980394, 88,
67.45098039215686, 1433.0, 41, 21.568627450980394, 88,
69.01960784313725, 1434.5, 40, 21.568627450980394, 88,
78.43137254901961, 1437.5, 41, 25.88235294117647, 88,
88.23529411764706, 1461.5, 42, 27.45098039215686, 88,
90.98039215686275, 1483.5, 42, 28.235294117647058, 88,
90.98039215686275, 1520.5, 43, 21.96078431372549, 88,
23.529411764705884, 1503.5, 43, 15.686274509803921, 88,
18.823529411764707, 1486.0, 42, 18.431372549019606, 88,
45.09803921568628, 1457.5, 41, 21.176470588235293, 88,
70.19607843137256, 1465.5, 41, 21.568627450980394, 88,
62.745098039215684, 1451.5, 42, 21.96078431372549, 88,
73.72549019607843, 1486.5, 42, 27.84313725490196, 88,
98.43137254901961, 1520.0, 43, 63.529411764705884, 88,
99.6078431372549, 1552.0, 44, 87.45098039215686, 88,
99.6078431372549, 1607.5, 46, 87.84313725490196, 88,
99.6078431372549, 1643.0, 47, 87.84313725490196, 88,
99.6078431372549, 1676.5, 48, 87.84313725490196, 88,
99.2156862745098, 1708.0, 49, 87.84313725490196, 88,
99.2156862745098, 1766.0, 51, 87.84313725490196, 88,
30.19607843137255, 1774.0, 51, 16.07843137254902, 89,
17.647058823529413, 1739.0, 49, 16.470588235294116, 89,
21.176470588235293, 1645.0, 46, 16.07843137254902, 89,
20.392156862745097, 1592.5, 45, 20.0, 89,
49.80392156862745, 1584.0, 45, 21.568627450980394, 89,
62.745098039215684, 1589.0, 45, 23.137254901960784, 89,
79.6078431372549, 1608.5, 46, 26.274509803921568, 89,
85.49019607843137, 1625.5, 47, 27.45098039215686, 89,
87.05882352941177, 1657.5, 48, 13.72549019607843, 89,
20.0, 1655.5, 47, 16.07843137254902, 89,
20.0, 1650.0, 47, 16.470588235294116, 89,
20.784313725490197, 1628.0, 46, 21.568627450980394, 89,
53.72549019607843, 1645.0, 46, 21.96078431372549, 89,
63.529411764705884, 1667.0, 48, 22.352941176470587, 89,
21.96078431372549, 1679.5, 48, 16.07843137254902, 89,
19.607843137254903, 1676.0, 48, 16.862745098039216, 89,
27.058823529411764, 1724.0, 47, 22.352941176470587, 89,
66.66666666666667, 1692.0, 48, 24.313725490196077, 89,
75.68627450980392, 1737.5, 50, 25.49019607843137, 89,
73.72549019607843, 1759.5, 51, 15.294117647058824, 89,
18.03921568627451, 1776.0, 50, 16.862745098039216, 88,
21.96078431372549, 1761.0, 50, 16.862745098039216, 88,
21.96078431372549, 1748.0, 50, 16.862745098039216, 88,
21.568627450980394, 1740.0, 49, 16.862745098039216, 88,
21.176470588235293, 1714.5, 49, 16.470588235294116, 88,
20.784313725490197, 1701.5, 47, 16.470588235294116, 88,
21.176470588235293, 1618.0, 46, 16.07843137254902, 88,
20.0, 1584.5, 45, 16.07843137254902, 88,
20.0, 1564.0, 45, 21.568627450980394, 88,
66.27450980392157, 1590.0, 45, 23.137254901960784, 88,
72.15686274509804, 1615.0, 46, 19.215686274509803, 88,
44.705882352941174, 1599.0, 47, 22.352941176470587, 87,
65.49019607843137, 1654.5, 47, 15.294117647058824, 87,
18.431372549019606, 1661.5, 47, 16.07843137254902, 87,
21.568627450980394, 1614.0, 46, 21.176470588235293, 87,
54.509803921568626, 1626.0, 46, 21.176470588235293, 87,
45.09803921568628, 1629.0, 46, 16.07843137254902, 87,
18.431372549019606, 1623.0, 46, 16.470588235294116, 87,
21.176470588235293, 1611.5, 45, 16.470588235294116, 87,
20.784313725490197, 1590.0, 45, 16.470588235294116, 87,
20.392156862745097, 1572.5, 44, 16.470588235294116, 87,
20.392156862745097, 1553.5, 44, 16.07843137254902, 87,
20.392156862745097, 1544.5, 44, 16.07843137254902, 87,
20.0, 1536.5, 43, 16.07843137254902, 87,
20.392156862745097, 1517.5, 43, 16.07843137254902, 87,
20.0, 1506.0, 43, 15.686274509803921, 87,
20.0, 1484.5, 42, 15.686274509803921, 88,
20.392156862745097, 1473.0, 42, 21.176470588235293, 88,
58.431372549019606, 1492.0, 42, 21.568627450980394, 88,
69.01960784313725, 1520.0, 43, 23.529411764705884, 88,
76.07843137254902, 1577.0, 45, 24.705882352941178, 88,
35.294117647058826, 1596.0, 45, 16.07843137254902, 88,
18.03921568627451, 1568.0, 45, 16.07843137254902, 88,
21.176470588235293, 1558.5, 44, 16.07843137254902, 88,
25.88235294117647, 1086.5, 42, 16.07843137254902, 88,
32.15686274509804, 910.5, 41, 16.07843137254902, 88,
34.11764705882353, 858.5, 40, 18.431372549019606, 88,
66.27450980392157, 1492.0, 41, 23.92156862745098, 88,
87.45098039215686, 1469.0, 42, 35.294117647058826, 89,
99.6078431372549, 1510.5, 44, 84.31372549019608, 89,
99.6078431372549, 1571.5, 45, 87.84313725490196, 89,
99.6078431372549, 1618.0, 46, 87.84313725490196, 90,
99.2156862745098, 1645.0, 47, 87.84313725490196, 90,
99.2156862745098, 1704.0, 48, 87.84313725490196, 90,
84.31372549019608, 1697.0, 48, 15.686274509803921, 90,
19.215686274509803, 1658.0, 47, 16.07843137254902, 90,
50.19607843137255, 1649.0, 47, 21.96078431372549, 90,
65.09803921568627, 1648.5, 47, 23.137254901960784, 90,
70.58823529411765, 1645.5, 47, 23.529411764705884, 90,
72.94117647058823, 1644.5, 47, 23.92156862745098, 90,
74.90196078431373, 1658.0, 47, 24.313725490196077, 90,
76.47058823529412, 1654.5, 47, 24.705882352941178, 90,
47.450980392156865, 1636.0, 47, 16.07843137254902, 90,
18.823529411764707, 1616.0, 46, 16.470588235294116, 90,
20.784313725490197, 1570.5, 44, 16.470588235294116, 90,
20.392156862745097, 1531.5, 43, 22.352941176470587, 90,
65.09803921568627, 1537.5, 43, 23.137254901960784, 90,
77.6470588235294, 1534.0, 44, 25.49019607843137, 90,
88.62745098039215, 1553.0, 44, 29.019607843137255, 90,
91.76470588235294, 1565.5, 44, 29.80392156862745, 90,
92.15686274509804, 1581.5, 45, 29.80392156862745, 90,
30.19607843137255, 1554.0, 45, 16.07843137254902, 90,
18.03921568627451, 1545.0, 44, 16.07843137254902, 90,
20.0, 1495.5, 42, 21.96078431372549, 90,
65.09803921568627, 1501.5, 43, 23.529411764705884, 90,
81.56862745098039, 1523.5, 43, 27.058823529411764, 90,
90.19607843137256, 1529.0, 44, 28.627450980392158, 90,
91.76470588235294, 1574.0, 45, 29.41176470588235, 90,
91.37254901960785, 1624.5, 46, 25.88235294117647, 90,
24.313725490196077, 1635.5, 46, 16.07843137254902, 90,
17.647058823529413, 1597.5, 46, 16.470588235294116, 89,
20.392156862745097, 1675.5, 45, 21.176470588235293, 89,
59.21568627450981, 1612.0, 46, 22.352941176470587, 89,
70.19607843137256, 1649.0, 48, 23.529411764705884, 89,
71.76470588235294, 1711.5, 48, 14.509803921568627, 89,
18.823529411764707, 1713.0, 49, 16.470588235294116, 89,
21.176470588235293, 1713.5, 48, 16.862745098039216, 88,
21.96078431372549, 1689.0, 48, 16.470588235294116, 88,
21.176470588235293, 1686.5, 48, 16.470588235294116, 88,
20.784313725490197, 1697.5, 48, 16.470588235294116, 88,
21.176470588235293, 1596.5, 48, 14.901960784313726, 88,
21.176470588235293, 1025.5, 47, 14.901960784313726, 88,
20.392156862745097, 955.0, 47, 14.509803921568627, 88,
21.568627450980394, 869.0, 47, 16.470588235294116, 88,
30.19607843137255, 690.0, 47, 15.294117647058824, 88,
35.294117647058826, 724.5, 48, 15.686274509803921, 87,
34.90196078431372, 763.5, 49, 15.686274509803921, 87,
36.86274509803921, 760.0, 49, 15.686274509803921, 87,
37.254901960784316, 768.0, 49, 15.686274509803921, 87,
36.86274509803921, 757.0, 50, 15.686274509803921, 87,
36.470588235294116, 754.0, 51, 15.686274509803921, 87,
36.07843137254902, 752.0, 51, 15.686274509803921, 88,
36.07843137254902, 749.0, 52, 15.686274509803921, 88,
36.07843137254902, 748.0, 51, 15.686274509803921, 88,
35.68627450980392, 745.5, 48, 15.686274509803921, 88,
36.07843137254902, 744.5, 48, 15.686274509803921, 88,
37.254901960784316, 747.5, 48, 15.686274509803921, 88,
36.470588235294116, 756.0, 48, 15.686274509803921, 88,
36.07843137254902, 750.0, 48, 15.686274509803921, 88,
36.86274509803921, 745.0, 46, 15.686274509803921, 88,
37.64705882352941, 741.5, 46, 15.686274509803921, 88,
36.86274509803921, 741.5, 47, 15.686274509803921, 88,
36.470588235294116, 742.5, 47, 15.686274509803921, 88,
36.07843137254902, 757.0, 47, 15.686274509803921, 88,
36.07843137254902, 754.0, 47, 15.686274509803921, 88,
36.07843137254902, 751.5, 46, 15.686274509803921, 88,
35.68627450980392, 751.5, 46, 15.686274509803921, 88,
36.07843137254902, 749.0, 46, 15.686274509803921, 88,
36.86274509803921, 749.0, 44, 15.686274509803921, 88,
36.86274509803921, 745.0, 41, 15.686274509803921, 88,
36.86274509803921, 742.0, 37, 15.686274509803921, 88,
38.431372549019606, 744.5, 36, 15.686274509803921, 88,
37.254901960784316, 745.0, 36, 15.686274509803921, 88,
37.254901960784316, 743.0, 36, 15.686274509803921, 88,
37.64705882352941, 747.0, 36, 15.686274509803921, 88,
37.254901960784316, 747.5, 33, 15.686274509803921, 88,
37.254901960784316, 747.5, 31, 15.686274509803921, 88,
37.64705882352941, 740.0, 30, 15.686274509803921, 88,
37.64705882352941, 742.5, 30, 15.686274509803921, 89,
38.8235294117647, 726.0, 29, 15.686274509803921, 88,
38.431372549019606, 764.5, 29, 15.686274509803921, 89,
38.03921568627451, 755.0, 29, 21.96078431372549, 89,
76.86274509803921, 1222.0, 29, 23.529411764705884, 89,
90.58823529411765, 1050.0, 30, 69.01960784313725, 89,
94.11764705882354, 1102.0, 31, 87.45098039215686, 89,
52.94117647058823, 1247.0, 32, 14.509803921568627, 89,
24.313725490196077, 1109.5, 31, 14.509803921568627, 89,
21.568627450980394, 877.0, 29, 14.509803921568627, 89,
21.96078431372549, 781.0, 28, 14.117647058823529, 89,
23.137254901960784, 739.5, 27, 14.117647058823529, 89,
24.705882352941178, 685.0, 25, 14.117647058823529, 89,
25.88235294117647, 672.0, 25, 14.117647058823529, 89,
26.274509803921568, 643.5, 25, 14.117647058823529, 89,
27.058823529411764, 648.5, 23, 14.117647058823529, 89,
27.45098039215686, 635.5, 23, 14.117647058823529, 89,
28.235294117647058, 641.5, 22, 14.117647058823529, 89,
27.84313725490196, 662.5, 22, 14.117647058823529, 89,
39.21568627450981, 766.0, 22, 21.568627450980394, 89,
77.6470588235294, 1109.0, 23, 25.098039215686274, 89,
87.84313725490196, 1198.5, 25, 27.84313725490196, 89,
91.37254901960785, 1280.5, 27, 28.235294117647058, 89,
92.15686274509804, 1351.5, 29, 27.84313725490196, -40,
21.176470588235293, 1803.0, 37, 16.470588235294116, 87,
18.823529411764707, 1755.0, 37, 16.862745098039216, 87,
22.745098039215687, 1730.0, 36, 16.862745098039216, 87,
21.96078431372549, 1707.5, 35, 16.470588235294116, 87,
20.784313725490197, 1634.0, 34, 16.470588235294116, 87,
20.392156862745097, 1480.0, 33, 16.07843137254902, 87,
28.235294117647058, 951.0, 30, 16.470588235294116, 87,
34.11764705882353, 855.0, 28, 16.07843137254902, 87,
35.68627450980392, 820.0, 26, 16.07843137254902, 87,
83.92156862745098, 1377.5, 27, 27.058823529411764, 87,
94.11764705882354, 1353.0, 28, 47.84313725490196, 87,
98.82352941176471, 1412.0, 30, 29.80392156862745, 87,
36.470588235294116, 1453.5, 30, 16.07843137254902, 87,
22.352941176470587, 1433.5, 30, 15.686274509803921, 87,
20.392156862745097, 1414.5, 29, 15.686274509803921, 87,
20.392156862745097, 1367.5, 28, 15.686274509803921, 87,
21.176470588235293, 1346.0, 28, 16.07843137254902, 87,
22.352941176470587, 1310.0, 27, 20.784313725490197, 87,
66.27450980392157, 1329.5, 28, 21.568627450980394, 87,
74.50980392156863, 1364.0, 29, 23.137254901960784, 87,
81.17647058823529, 1428.5, 30, 24.705882352941178, 88,
79.6078431372549, 1474.0, 31, 14.901960784313726, 88,
20.784313725490197, 1493.5, 31, 15.686274509803921, 88,
18.431372549019606, 1460.0, 30, 16.07843137254902, 88,
35.68627450980392, 1474.5, 30, 20.392156862745097, 88,
57.254901960784316, 1486.0, 31, 20.784313725490197, 89,
58.431372549019606, 1519.0, 32, 15.686274509803921, 89,
21.96078431372549, 1521.5, 32, 15.686274509803921, 90,
17.647058823529413, 1507.0, 31, 16.07843137254902, 90,
21.176470588235293, 1450.0, 30, 15.686274509803921, 90,
30.19607843137255, 1367.5, 29, 18.823529411764707, 90,
53.333333333333336, 1443.5, 30, 21.568627450980394, 90,
70.98039215686275, 1438.5, 31, 22.745098039215687, 90,
73.33333333333333, 1487.5, 31, 18.431372549019606, 90,
24.313725490196077, 1440.0, 31, 15.686274509803921, 90,
18.431372549019606, 1435.0, 30, 19.215686274509803, 90,
57.64705882352941, 1432.0, 30, 20.784313725490197, 90,
62.745098039215684, 1446.0, 30, 21.176470588235293, 90,
64.70588235294117, 1464.0, 31, 23.137254901960784, 90,
76.86274509803921, 1503.5, 32, 23.92156862745098, 90,
56.07843137254902, 1550.0, 32, 15.686274509803921, 90,
19.215686274509803, 1512.5, 30, 15.686274509803921, 90,
28.627450980392158, 1023.5, 23, 16.470588235294116, 90,
33.333333333333336, 923.0, 11, 14.117647058823529, 90,
26.274509803921568, 873.0, 5, 13.72549019607843, 90,
26.666666666666668, 765.5, 4, 14.509803921568627, 90,
25.88235294117647, 725.5, 3, 20.392156862745097, 90,
54.11764705882353, 1662.5, 3, 17.647058823529413, 90,
25.098039215686274, 1602.5, 1, 15.686274509803921, 90,
21.568627450980394, 1161.5, 0, 14.509803921568627, 90,
19.215686274509803, 1036.0, 0, 14.509803921568627, 90,
19.215686274509803, 938.0, 0, 14.509803921568627, 90,
20.392156862745097, 816.0, 0, 14.117647058823529, 90,
22.745098039215687, 719.5, 0, 14.117647058823529, 89,
24.313725490196077, 685.5, 0, 14.117647058823529, 89,
25.098039215686274, 659.0, 0, 14.117647058823529, 89,
26.274509803921568, 648.0, 0, 14.509803921568627, 89,
32.549019607843135, 621.0, 0, 14.901960784313726, 89,
33.72549019607843, 769.5, 0, 14.901960784313726, 89,
29.019607843137255, 768.0, 0, 14.509803921568627, 89,
29.019607843137255, 734.5, 0, 17.254901960784313, 89,
40.0, 746.0, 0, 15.686274509803921, 89,
37.64705882352941, 797.0, 0, 16.07843137254902, 89,
36.86274509803921, 785.5, 0, 15.686274509803921, 89,
36.86274509803921, 768.5, 0, 15.686274509803921, 89,
36.86274509803921, 769.5, 0, 15.686274509803921, 89,
36.86274509803921, 768.5, 0, 15.686274509803921, 89,
37.254901960784316, 767.5, 0, 16.07843137254902, 89,
38.431372549019606, 764.5, 0, 16.07843137254902, 89,
39.21568627450981, 789.5, 0, 16.07843137254902, 89,
38.8235294117647, 799.0, 0, 16.07843137254902, 89,
38.8235294117647, 786.5, 0, 16.07843137254902, 89,
38.8235294117647, 767.0, 0, 20.0, 89,
68.62745098039215, 1616.0, 0, 21.176470588235293, 89,
50.19607843137255, 1864.5, 1, 20.784313725490197, 89,
55.294117647058826, 1529.0, 4, 20.0, 89,
72.15686274509804, 829.0, 7, 23.92156862745098, 88,
74.11764705882354, 1227.0, 9, 15.294117647058824, 88,
36.07843137254902, 1067.0, 8, 16.470588235294116, 88,
35.294117647058826, 890.0, 7, 16.07843137254902, 88,
36.86274509803921, 838.0, 5, 16.07843137254902, 88,
37.254901960784316, 788.0, 5, 16.07843137254902, 88,
38.03921568627451, 762.0, 4, 16.07843137254902, 88,
40.78431372549019, 740.0, 3, 16.07843137254902, 88,
43.13725490196079, 740.5, 0, 16.07843137254902, 88,
43.92156862745098, 737.5, 0, 16.470588235294116, 88,
43.529411764705884, 747.5, 0, 16.07843137254902, 88,
42.745098039215684, 784.0, 0, 17.647058823529413, 88,
58.431372549019606, 675.5, 0, 17.254901960784313, 88,
49.01960784313726, 1074.0, 1, 18.03921568627451, 88,
65.49019607843137, 639.5, 3, 14.117647058823529, 88,
43.92156862745098, 1440.5, 5, 18.03921568627451, 88,
54.509803921568626, 854.0, 8, 23.92156862745098, 88,
79.6078431372549, 1431.5, 11, 23.529411764705884, 88,
67.84313725490196, 1981.5, 14, 15.686274509803921, 88,
23.529411764705884, 1436.0, 14, 16.470588235294116, 88,
65.49019607843137, 1112.5, 14, 25.88235294117647, 88,
89.41176470588235, 1172.5, 16, 44.705882352941174, 88,
97.6470588235294, 1306.5, 18, 81.96078431372548, 88,
99.6078431372549, 1476.5, 21, 45.88235294117647, 88,
97.6470588235294, 1701.0, 23, 34.90196078431372, 88,
79.6078431372549, 1768.5, 25, 14.901960784313726, 88,
25.49019607843137, 1240.5, 24, 18.431372549019606, 88,
59.21568627450981, 1172.0, 24, 20.784313725490197, 88,
69.01960784313725, 1183.5, 25, 20.0, 88,
60.78431372549019, 1217.0, 25, 20.0, 88,
58.431372549019606, 1251.5, 26, 9.803921568627452, 88,
23.529411764705884, 1254.5, 26, 15.294117647058824, 88,
20.784313725490197, 1212.5, 25, 15.294117647058824, 88,
18.823529411764707, 1144.5, 24, 14.509803921568627, 88,
20.392156862745097, 905.5, 21, 14.509803921568627, 88,
22.352941176470587, 793.0, 17, 14.509803921568627, 88,
24.705882352941178, 710.0, 15, 14.117647058823529, 88,
25.49019607843137, 676.0, 14, 14.117647058823529, 88,
26.666666666666668, 656.5, 12, 14.117647058823529, 88,
26.666666666666668, 641.5, 9, 14.117647058823529, 88,
27.45098039215686, 634.0, 7, 14.117647058823529, 88,
29.80392156862745, 649.5, 6, 14.901960784313726, 88,
34.11764705882353, 679.5, 4, 14.509803921568627, 88,
31.372549019607842, 701.5, 3, 14.509803921568627, 88,
43.13725490196079, 1046.0, 3, 18.431372549019606, 88,
48.23529411764706, 1643.5, 5, 21.176470588235293, 88,
60.0, 1412.5, 8, 20.784313725490197, 88,
71.76470588235294, 1469.5, 11, 21.176470588235293, 88,
57.254901960784316, 1781.0, 13, 21.96078431372549, 88,
59.21568627450981, 2100.0, 16, 23.529411764705884, 88,
60.0, 2431.5, 19, 27.058823529411764, 88,
65.49019607843137, 2980.5, 22, 28.627450980392158, 88,
60.78431372549019, 3257.0, 23, 19.607843137254903, 88,
27.058823529411764, 2108.0, 23, 16.07843137254902, 87,
33.333333333333336, 1846.0, 23, 20.784313725490197, 87,
68.62745098039215, 1745.5, 24, 24.705882352941178, 87,
75.29411764705883, 1827.0, 25, 26.274509803921568, 87,
78.43137254901961, 1986.0, 27, 21.568627450980394, 87,
24.705882352941178, 1399.5, 27, 16.07843137254902, 88,
27.84313725490196, 1058.0, 26, 16.470588235294116, 88,
31.764705882352942, 882.0, 25, 16.07843137254902, 88,
35.294117647058826, 808.0, 21, 16.07843137254902, 88,
36.470588235294116, 773.0, 16, 15.686274509803921, 89,
37.254901960784316, 739.5, 13, 15.686274509803921, 89,
38.431372549019606, 735.5, 11, 16.07843137254902, 90,
39.21568627450981, 730.0, 8, 16.07843137254902, 90,
39.6078431372549, 731.0, 6, 16.07843137254902, 90,
39.6078431372549, 752.0, 5, 16.07843137254902, 90,
39.6078431372549, 765.0, 4, 16.07843137254902, 90,
38.8235294117647, 753.5, 3, 16.07843137254902, 90,
38.8235294117647, 754.5, 2, 16.07843137254902, 90,
42.745098039215684, 758.0, 2, 17.647058823529413, 90,
62.35294117647059, 550.0, 3, 17.254901960784313, 90,
55.294117647058826, 750.0, 5, 17.254901960784313, 90,
50.19607843137255, 950.0, 7, 18.823529411764707, 90,
36.86274509803921, 921.0, 6, 16.07843137254902, 90,
36.07843137254902, 831.0, 3, 15.686274509803921, 90,
35.68627450980392, 783.0, 0, 15.686274509803921, 90,
38.03921568627451, 761.0, 0, 15.686274509803921, 90,
45.09803921568628, 783.0, 0, 21.96078431372549, 90,
52.15686274509804, 1845.0, 0, 13.72549019607843, 90,
32.94117647058823, 1038.0, 0, 18.03921568627451, 90,
52.549019607843135, 701.5, 0, 18.823529411764707, 90,
66.66666666666667, 775.0, 1, 18.823529411764707, 90,
53.72549019607843, 764.5, 1, 18.03921568627451, 90,
42.35294117647059, 979.0, 1, 15.686274509803921, 90,
35.294117647058826, 707.0, 1, 16.470588235294116, 90,
38.431372549019606, 627.5, 2, 15.294117647058824, 90,
40.3921568627451, 789.5, 1, 16.07843137254902, 90,
33.333333333333336, 993.0, 1, 16.470588235294116, 90,
34.11764705882353, 1054.0, 1, 15.686274509803921, 90,
28.235294117647058, 1081.0, 0, 15.686274509803921, 90,
26.666666666666668, 833.5, 0, 15.294117647058824, 90,
31.372549019607842, 636.5, 0, 15.294117647058824, 90,
35.294117647058826, 873.0, 0, 18.03921568627451, 90,
46.666666666666664, 971.5, 1, 17.647058823529413, 90,
51.372549019607845, 780.0, 1, 17.254901960784313, 90,
54.11764705882353, 716.5, 3, 18.03921568627451, 90,
60.78431372549019, 718.5, 3, 18.03921568627451, 90,
48.23529411764706, 1034.5, 3, 17.254901960784313, 90,
40.3921568627451, 1012.5, 1, 16.862745098039216, 90,
38.431372549019606, 948.5, 0, 16.862745098039216, 90,
40.3921568627451, 836.5, 0, 17.254901960784313, 90,
53.72549019607843, 722.5, 1, 18.431372549019606, 90,
58.431372549019606, 903.5, 3, 18.823529411764707, 90,
59.21568627450981, 880.5, 5, 21.176470588235293, 90,
78.82352941176471, 1033.0, 7, 25.098039215686274, 90,
81.56862745098039, 1350.5, 11, 22.745098039215687, 90,
63.529411764705884, 1657.0, 13, 16.07843137254902, 90,
29.019607843137255, 1197.5, 13, 16.470588235294116, 90,
60.0, 1071.0, 14, 24.313725490196077, 90,
82.74509803921569, 1204.0, 17, 24.313725490196077, 90,
66.27450980392157, 1326.0, 18, 16.862745098039216, 90,
32.15686274509804, 1095.0, 18, 16.470588235294116, 90,
33.333333333333336, 947.5, 18, 16.07843137254902, 90,
34.509803921568626, 852.5, 16, 16.07843137254902, 89,
35.68627450980392, 793.5, 12, 16.07843137254902, 89,
36.86274509803921, 789.0, 7, 16.470588235294116, 89,
40.78431372549019, 773.0, 4, 16.470588235294116, 89,
39.6078431372549, 786.5, 1, 14.117647058823529, 89,
30.58823529411765, 731.5, 0, 14.509803921568627, 89,
29.41176470588235, 688.5, 0, 14.509803921568627, 89,
29.019607843137255, 650.0, 0, 14.509803921568627, 89,
29.41176470588235, 626.0, 0, 14.509803921568627, 89,
29.41176470588235, 665.5, 0, 14.509803921568627, 89,
30.58823529411765, 654.0, 0, 14.509803921568627, 89,
29.41176470588235, 666.0, 0, 14.509803921568627, 89,
28.627450980392158, 657.0, 0, 14.509803921568627, 90,
28.627450980392158, 643.0, 0, 15.294117647058824, 90,
41.96078431372549, 628.0, 0, 14.901960784313726, 90,
34.509803921568626, 775.5, 0, 14.901960784313726, 90,
28.627450980392158, 739.5, 0, 14.509803921568627, 90,
28.235294117647058, 735.5, 0, 17.254901960784313, 90,
45.490196078431374, 724.0, 0, 16.07843137254902, 90,
43.13725490196079, 786.5, 0, 16.470588235294116, 90,
42.35294117647059, 767.5, 0, 16.470588235294116, 90,
41.568627450980394, 773.5, 0, 16.470588235294116, 90,
41.96078431372549, 768.0, 0, 16.470588235294116, 90,
43.13725490196079, 795.0, 0, 16.470588235294116, 90,
42.35294117647059, 814.0, 0, 16.470588235294116, 90,
41.1764705882353, 822.5, 0, 16.470588235294116, 90,
41.1764705882353, 797.5, 0, 16.470588235294116, 89,
41.96078431372549, 805.0, 0, 16.470588235294116, 90,
42.35294117647059, 814.0, 0, 16.470588235294116, 89,
41.96078431372549, 814.0, 0, 16.470588235294116, 89,
41.568627450980394, 809.5, 0, 16.470588235294116, 89,
41.96078431372549, 803.5, 0, 16.470588235294116, 89,
41.568627450980394, 820.5, 0, 16.470588235294116, 89,
41.568627450980394, 793.5, 0, 16.470588235294116, 90,
42.35294117647059, 787.0, 0, 16.470588235294116, 89,
43.13725490196079, 819.5, 0, 16.470588235294116, 90,
42.745098039215684, 815.5, 0, 16.470588235294116, 90,
41.568627450980394, 817.5, 0, 16.470588235294116, 89,
41.96078431372549, 809.0, 0, 16.470588235294116, 90,
33.72549019607843, 826.0, 0, 14.509803921568627, 90,
27.84313725490196, 751.0, 0, 14.901960784313726, 90,
28.627450980392158, 667.0, 0, 14.509803921568627, 90,
29.019607843137255, 645.0, 0, 14.509803921568627, 90,
29.019607843137255, 668.5, 0, 14.509803921568627, 90,
28.627450980392158, 665.0, 0, 14.509803921568627, 90,
28.627450980392158, 649.0, 0, 14.509803921568627, 90,
28.627450980392158, 631.0, 0, 15.294117647058824, 90,
31.372549019607842, 600.0, 0, 15.294117647058824, 90,
37.64705882352941, 759.5, 0, 15.294117647058824, 90,
29.80392156862745, 761.0, 0, 14.901960784313726, 90,
27.45098039215686, 749.0, 0, 17.647058823529413, 90,
42.745098039215684, 713.5, 0, 16.07843137254902, 90,
41.1764705882353, 774.0, 0, 16.470588235294116, 90,
41.96078431372549, 768.0, 0, 16.470588235294116, 90,
41.96078431372549, 763.5, 0, 16.470588235294116, 90,
42.35294117647059, 777.5, 0, 16.470588235294116, 90,
41.96078431372549, 800.0, 0, 16.470588235294116, 90,
41.568627450980394, 798.5, 0, 16.470588235294116, 90,
41.96078431372549, 793.0, 0, 16.470588235294116, 90,
42.35294117647059, 809.5, 0, 16.470588235294116, 90,
41.96078431372549, 816.0, 0, 16.470588235294116, 90,
41.96078431372549, 797.5, 0, 16.470588235294116, 90,
42.745098039215684, 809.0, 0, 16.470588235294116, 90,
42.745098039215684, 808.5, 0, 16.470588235294116, 90,
41.96078431372549, 821.0, 0, 16.470588235294116, 90,
41.96078431372549, 812.0, 0, 16.470588235294116, 90,
42.745098039215684, 804.5, 0, 16.862745098039216, 90,
43.13725490196079, 832.0, 0, 16.862745098039216, 90,
41.96078431372549, 830.0, 0, 16.470588235294116, 90,
41.96078431372549, 827.0, 0, 16.862745098039216, 90,
42.35294117647059, 818.5, 0, 16.470588235294116, 90,
42.35294117647059, 835.0, 0, 16.862745098039216, 90,
42.745098039215684, 818.0, 0, 16.862745098039216, 90,
43.13725490196079, 817.0, 0, 16.862745098039216, 90,
43.13725490196079, 842.0, 0, 16.862745098039216, 90,
43.13725490196079, 833.0, 0, 16.862745098039216, 90,
44.705882352941174, 845.5, 0, 16.862745098039216, 90,
43.92156862745098, 871.5, 0, 16.862745098039216, 90,
43.529411764705884, 857.5, 0, 16.862745098039216, 90,
43.529411764705884, 834.5, 0, 16.862745098039216, 90,
43.529411764705884, 858.0, 0, 16.862745098039216, 90,
42.745098039215684, 862.5, 0, 16.862745098039216, 90,
43.529411764705884, 841.0, 0, 16.862745098039216, 90,
43.529411764705884, 853.0, 0, 16.862745098039216, 90,
43.13725490196079, 853.0, 0, 16.862745098039216, 90,
42.35294117647059, 859.0, 0, 16.07843137254902, 90,
35.68627450980392, 791.5, 0, 14.117647058823529, 90,
27.058823529411764, 751.0, 0, 14.509803921568627, 90,
27.45098039215686, 662.0, 0, 14.509803921568627, 89,
27.45098039215686, 662.0, 0, 14.117647058823529, 90,
27.058823529411764, 652.0, 0, 14.117647058823529, 89,
26.666666666666668, 659.0, 0, 14.117647058823529, 90,
27.058823529411764, 624.5, 0, 14.117647058823529, 89,
27.058823529411764, 646.5, 0, 14.117647058823529, 89,
26.666666666666668, 643.5, 0, 14.117647058823529, 90,
26.666666666666668, 632.5, 0, 14.117647058823529, 89,
27.058823529411764, 655.5, 0, 17.254901960784313, 89,
45.490196078431374, 1173.5, 0, 18.823529411764707, 90,
47.05882352941177, 1397.5, 2, 19.215686274509803, 90,
61.96078431372549, 870.5, 5, 20.784313725490197, 90,
66.66666666666667, 999.0, 7, 20.0, 90,
61.96078431372549, 1297.0, 10, 14.509803921568627, 89,
34.509803921568626, 1239.0, 10, 16.862745098039216, 89,
32.549019607843135, 1072.0, 9, 16.862745098039216, 89,
35.294117647058826, 959.0, 9, 16.862745098039216, 89,
38.431372549019606, 884.5, 9, 16.862745098039216, 89,
40.3921568627451, 834.0, 9, 16.470588235294116, 89,
40.78431372549019, 827.5, 9, 16.470588235294116, 88,
41.96078431372549, 804.0, 9, 16.862745098039216, 88,
43.13725490196079, 792.5, 9, 16.862745098039216, 88,
43.529411764705884, 798.5, 8, 16.470588235294116, 89,
43.13725490196079, 797.5, 6, 16.470588235294116, 88,
43.13725490196079, 790.5, 6, 16.470588235294116, 88,
42.35294117647059, 796.5, 6, 16.862745098039216, 88,
44.705882352941174, 755.0, 6, 16.862745098039216, 89,
45.490196078431374, 782.0, 6, 16.862745098039216, 89,
45.490196078431374, 811.0, 6, 16.862745098039216, 89,
43.92156862745098, 800.0, 6, 16.470588235294116, 89,
43.13725490196079, 783.0, 6, 16.470588235294116, 89,
43.92156862745098, 781.0, 5, 16.470588235294116, 89,
43.529411764705884, 785.5, 4, 16.470588235294116, 89,
45.490196078431374, 768.5, 3, 16.470588235294116, 89,
45.88235294117647, 796.0, 2, 16.470588235294116, 89,
45.09803921568628, 807.0, 1, 16.470588235294116, 89,
44.705882352941174, 847.5, 1, 21.176470588235293, 89,
60.0, 1786.5, 3, 21.568627450980394, 89,
58.03921568627451, 1378.5, 7, 14.117647058823529, 89,
41.96078431372549, 1075.0, 8, 17.254901960784313, 89,
41.1764705882353, 963.5, 7, 16.862745098039216, 89,
40.78431372549019, 914.0, 6, 16.862745098039216, 88,
42.35294117647059, 876.0, 5, 16.862745098039216, 88,
41.568627450980394, 851.5, 4, 16.470588235294116, 88,
42.35294117647059, 814.5, 4, 16.470588235294116, 88,
44.705882352941174, 804.5, 3, 16.862745098039216, 88,
43.529411764705884, 835.0, 2, 16.862745098039216, 88,
43.92156862745098, 821.5, 1, 16.470588235294116, 88,
34.11764705882353, 838.5, 1, 13.72549019607843, 88,
29.80392156862745, 699.0, 2, 14.509803921568627, 88,
29.41176470588235, 599.0, 2, 14.901960784313726, 88,
32.94117647058823, 584.5, 3, 14.901960784313726, 89,
32.94117647058823, 700.0, 3, 14.901960784313726, 89,
29.80392156862745, 757.0, 3, 14.901960784313726, 89,
28.627450980392158, 755.0, 3, 14.509803921568627, 89,
28.235294117647058, 713.0, 3, 14.509803921568627, 89,
28.235294117647058, 634.5, 4, 18.431372549019606, 89,
48.627450980392155, 748.5, 5, 16.862745098039216, 89,
46.27450980392157, 1031.0, 7, 18.03921568627451, 89,
33.72549019607843, 1019.5, 8, 14.901960784313726, 89,
26.666666666666668, 846.5, 8, 15.686274509803921, 89,
33.333333333333336, 765.5, 7, 15.686274509803921, 89,
34.90196078431372, 770.5, 5, 16.07843137254902, 89,
36.86274509803921, 791.0, 5, 16.07843137254902, 89,
38.431372549019606, 809.5, 5, 17.647058823529413, 89,
43.92156862745098, 793.0, 5, 17.647058823529413, 89,
51.76470588235294, 785.0, 5, 17.254901960784313, 89,
45.490196078431374, 905.0, 4, 16.862745098039216, 89,
44.705882352941174, 856.0, 3, 16.862745098039216, 89,
43.529411764705884, 862.0, 3, 16.862745098039216, 89,
43.529411764705884, 795.5, 3, 16.862745098039216, 89,
43.13725490196079, 824.0, 3, 16.470588235294116, 89,
40.78431372549019, 846.5, 4, 16.862745098039216, 89,
41.96078431372549, 843.0, 4, 16.862745098039216, 89,
44.31372549019608, 803.5, 3, 16.862745098039216, 89,
44.31372549019608, 794.5, 2, 16.862745098039216, 89,
43.92156862745098, 817.0, 1, 16.862745098039216, 89,
44.31372549019608, 805.0, 1, 16.862745098039216, 89,
43.92156862745098, 806.0, 2, 16.862745098039216, 89,
43.529411764705884, 826.0, 2, 16.862745098039216, 89,
43.13725490196079, 818.5, 2, 16.862745098039216, 89,
43.529411764705884, 795.0, 3, 16.862745098039216, 89,
44.31372549019608, 799.0, 3, 16.862745098039216, 89,
46.27450980392157, 814.0, 2, 16.470588235294116, 89,
44.705882352941174, 802.0, 2, 18.431372549019606, 89,
48.23529411764706, 1155.5, 3, 18.823529411764707, 89,
51.372549019607845, 986.5, 6, 18.823529411764707, 89,
55.68627450980392, 1019.5, 8, 19.215686274509803, 89,
53.72549019607843, 1207.5, 9, 16.07843137254902, 89,
35.294117647058826, 1069.0, 8, 16.470588235294116, 89,
33.72549019607843, 926.0, 7, 16.07843137254902, 89,
34.90196078431372, 809.5, 7, 16.07843137254902, 89,
38.8235294117647, 805.0, 7, 16.07843137254902, 89,
38.03921568627451, 822.0, 7, 16.470588235294116, 89,
38.8235294117647, 830.0, 7, 16.07843137254902, 88,
38.431372549019606, 819.0, 7, 16.07843137254902, 89,
38.8235294117647, 804.0, 5, 16.07843137254902, 88,
35.294117647058826, 803.5, 4, 13.333333333333334, 88,
29.019607843137255, 738.0, 2, 14.117647058823529, 88,
27.84313725490196, 667.0, 2, 14.117647058823529, 88,
27.058823529411764, 637.0, 1, 14.117647058823529, 88,
27.45098039215686, 637.0, 0, 14.117647058823529, 88,
27.84313725490196, 642.0, 0, 14.509803921568627, 88,
28.627450980392158, 630.0, 0, 14.509803921568627, 89,
29.41176470588235, 656.0, 1, 17.254901960784313, 88,
44.705882352941174, 887.0, 3, 17.647058823529413, 89,
42.35294117647059, 1299.5, 5, 18.431372549019606, 89,
44.705882352941174, 1288.0, 7, 18.823529411764707, 89,
45.88235294117647, 1251.0, 10, 11.372549019607844, 89,
25.88235294117647, 1145.0, 10, 16.470588235294116, 89,
31.372549019607842, 892.5, 8, 16.07843137254902, 88,
35.294117647058826, 810.0, 6, 16.07843137254902, 88,
36.86274509803921, 781.5, 5, 16.07843137254902, 88,
38.03921568627451, 796.5, 2, 16.470588235294116, 88,
39.21568627450981, 812.0, 0, 16.470588235294116, 88,
39.6078431372549, 817.0, 1, 16.07843137254902, 88,
40.3921568627451, 805.5, 0, 16.07843137254902, 88,
40.0, 803.0, 0, 16.07843137254902, 88,
39.21568627450981, 809.5, 0, 16.862745098039216, 88,
44.31372549019608, 690.0, 2, 17.254901960784313, 88,
52.15686274509804, 951.0, 4, 14.117647058823529, 88,
28.235294117647058, 913.0, 4, 14.901960784313726, 88,
27.058823529411764, 784.5, 5, 16.862745098039216, 88,
39.6078431372549, 758.5, 5, 16.07843137254902, 88,
39.21568627450981, 778.0, 3, 16.470588235294116, 88,
40.78431372549019, 801.5, 2, 16.470588235294116, 88,
41.568627450980394, 795.5, 0, 16.470588235294116, 88,
42.35294117647059, 799.0, 0, 16.470588235294116, 88,
43.13725490196079, 780.5, 0, 16.862745098039216, 88,
44.31372549019608, 810.0, 0, 16.862745098039216, 88,
43.529411764705884, 798.5, 1, 16.470588235294116, 88,
42.35294117647059, 799.5, 1, 16.470588235294116, 88,
41.96078431372549, 795.0, 1, 16.470588235294116, 88,
43.13725490196079, 766.5, 2, 16.862745098039216, 88,
44.31372549019608, 777.0, 2, 16.862745098039216, 88,
44.705882352941174, 693.0, 3, 17.647058823529413, 88,
58.431372549019606, 676.5, 4, 18.03921568627451, 88,
61.568627450980394, 788.5, 6, 18.03921568627451, 88,
45.88235294117647, 1134.0, 6, 17.647058823529413, 88,
37.64705882352941, 1193.5, 6, 17.647058823529413, 88,
37.64705882352941, 1159.5, 7, 17.254901960784313, 88,
39.6078431372549, 1052.5, 6, 17.254901960784313, 88,
38.8235294117647, 999.5, 5, 17.254901960784313, 88,
39.21568627450981, 947.5, 5, 16.862745098039216, 88,
40.78431372549019, 819.5, 5, 16.862745098039216, 88,
43.13725490196079, 824.0, 5, 16.862745098039216, 88,
44.31372549019608, 808.5, 5, 16.862745098039216, 88,
44.705882352941174, 816.5, 5, 16.862745098039216, 88,
44.31372549019608, 829.5, 5, 16.862745098039216, 88,
44.705882352941174, 823.5, 5, 16.862745098039216, 88,
44.705882352941174, 812.0, 3, 16.862745098039216, 88,
44.705882352941174, 803.0, 2, 16.862745098039216, 88,
44.31372549019608, 741.5, 3, 17.647058823529413, 88,
45.88235294117647, 848.5, 3, 16.470588235294116, 88,
35.68627450980392, 825.5, 3, 14.117647058823529, 88,
28.627450980392158, 723.0, 3, 14.509803921568627, 88,
28.235294117647058, 668.0, 3, 14.509803921568627, 88,
30.980392156862745, 561.5, 4, 14.901960784313726, 88,
31.372549019607842, 617.5, 4, 14.901960784313726, 88,
31.372549019607842, 650.5, 5, 14.901960784313726, 88,
29.80392156862745, 738.5, 5, 14.901960784313726, 88,
28.235294117647058, 729.0, 5, 14.509803921568627, 88,
27.84313725490196, 678.0, 5, 14.509803921568627, 88,
27.84313725490196, 661.0, 5, 14.509803921568627, 88,
28.235294117647058, 655.5, 5, 14.509803921568627, 88,
30.19607843137255, 652.0, 3, 14.509803921568627, 88,
36.07843137254902, 640.5, 2, 15.686274509803921, 88,
44.31372549019608, 681.5, 2, 16.470588235294116, 88,
43.92156862745098, 770.0, 2, 16.470588235294116, 88,
41.96078431372549, 771.5, 1, 16.470588235294116, 89,
43.529411764705884, 778.5, 0, 16.862745098039216, 89,
44.31372549019608, 802.5, 0, 16.862745098039216, 89,
43.13725490196079, 832.0, 0, 16.470588235294116, 89,
42.35294117647059, 838.0, 0, 16.862745098039216, 88,
42.745098039215684, 819.0, 0, 16.862745098039216, 88,
42.745098039215684, 807.5, 0, 16.862745098039216, 88,
52.549019607843135, 632.0, 1, 18.03921568627451, 88,
61.568627450980394, 751.0, 3, 18.823529411764707, 88,
63.13725490196079, 770.5, 5, 18.431372549019606, 88,
57.254901960784316, 1039.0, 5, 17.647058823529413, 88,
41.568627450980394, 1275.5, 5, 17.647058823529413, 88,
36.86274509803921, 1258.5, 5, 17.254901960784313, 89,
36.470588235294116, 