20.784313725490197, 90,
1381.5, 63.13725490196079, 39, 20.784313725490197, 90,
1399.5, 63.13725490196079, 40, 20.784313725490197, 90,
1408.0, 63.529411764705884, 40, 20.784313725490197, 90,
1419.5, 63.529411764705884, 40, 20.784313725490197, 90,
1422.5, 56.07843137254902, 41, 19.607843137254903, 90,
1427.0, 50.588235294117645, 41, 19.215686274509803, 90,
1427.0, 49.80392156862745, 41, 19.215686274509803, 90,
1443.0, 49.411764705882355, 41, 19.215686274509803, 90,
1465.0, 46.27450980392157, 42, 11.372549019607844, 90,
1466.5, 20.0, 42, 15.686274509803921, 90,
1448.5, 20.784313725490197, 41, 16.07843137254902, 90,
1427.0, 21.176470588235293, 40, 15.686274509803921, 90,
1402.0, 20.784313725490197, 40, 15.686274509803921, 90,
1382.0, 20.392156862745097, 39, 15.686274509803921, 90,
1360.0, 20.392156862745097, 38, 15.294117647058824, 90,
1344.5, 20.0, 38, 15.294117647058824, 90,
1324.0, 28.627450980392158, 37, 18.431372549019606, 90,
1310.5, 48.23529411764706, 37, 20.392156862745097, 90,
1323.0, 61.568627450980394, 38, 20.392156862745097, 90,
1342.0, 65.49019607843137, 38, 21.568627450980394, 90,
1364.5, 72.54901960784314, 39, 21.96078431372549, 90,
1383.5, 73.72549019607843, 39, 22.352941176470587, 90,
1406.5, 74.11764705882354, 40, 22.352941176470587, 90,
1432.0, 74.50980392156863, 41, 22.745098039215687, 90,
1465.0, 54.11764705882353, 41, 15.294117647058824, 90,
1428.5, 21.96078431372549, 41, 16.07843137254902, 90,
1449.5, 20.784313725490197, 41, 16.07843137254902, 90,
1430.0, 21.176470588235293, 40, 16.07843137254902, 90,
1439.0, 20.0, 40, 15.686274509803921, 90,
1410.0, 21.568627450980394, 40, 15.686274509803921, 90,
1390.5, 21.176470588235293, 39, 15.686274509803921, 90,
1370.5, 20.784313725490197, 39, 15.686274509803921, 90,
1359.5, 20.392156862745097, 38, 15.294117647058824, 90,
1346.5, 20.0, 38, 15.294117647058824, 90,
1329.5, 20.0, 37, 15.294117647058824, 89,
1306.0, 32.15686274509804, 37, 18.823529411764707, 89,
1336.5, 49.80392156862745, 38, 19.215686274509803, 89,
1354.0, 51.76470588235294, 39, 19.607843137254903, 89,
1377.0, 53.333333333333336, 39, 19.607843137254903, 89,
1409.0, 53.72549019607843, 40, 20.784313725490197, 88,
1441.5, 62.745098039215684, 41, 16.862745098039216, 88,
1419.5, 20.392156862745097, 41, 15.686274509803921, 88,
1412.5, 21.176470588235293, 40, 15.686274509803921, 88,
1399.0, 21.176470588235293, 39, 15.686274509803921, 88,
1394.5, 22.352941176470587, 39, 16.07843137254902, 88,
1376.0, 21.96078431372549, 39, 16.07843137254902, 88,
1371.0, 21.568627450980394, 39, 16.07843137254902, 88,
1364.0, 21.568627450980394, 39, 16.07843137254902, 88,
1368.5, 21.568627450980394, 39, 16.07843137254902, 88,
1355.0, 21.96078431372549, 38, 16.470588235294116, 88,
1380.5, 41.568627450980394, 38, 19.607843137254903, 88,
1366.5, 56.470588235294116, 39, 20.392156862745097, 88,
1399.5, 58.8235294117647, 40, 20.392156862745097, 88,
1434.0, 52.549019607843135, 41, 19.215686274509803, 88,
1457.5, 49.01960784313726, 42, 19.607843137254903, 88,
1487.5, 48.23529411764706, 42, 19.607843137254903, 88,
1504.0, 23.137254901960784, 43, 16.07843137254902, 88,
1548.5, 19.215686274509803, 43, 16.07843137254902, 88,
1503.0, 21.568627450980394, 43, 16.07843137254902, 88,
1507.0, 20.392156862745097, 42, 16.07843137254902, 88,
1496.5, 20.784313725490197, 42, 16.07843137254902, 88,
1491.0, 20.392156862745097, 42, 16.07843137254902, 88,
1477.5, 20.392156862745097, 42, 15.686274509803921, 88,
1480.0, 20.392156862745097, 42, 15.686274509803921, 88,
1470.5, 20.392156862745097, 41, 15.686274509803921, 88,
1442.5, 20.392156862745097, 41, 15.686274509803921, 87,
1439.0, 20.0, 40, 15.686274509803921, 87,
1430.0, 20.392156862745097, 40, 15.686274509803921, 87,
1404.5, 20.392156862745097, 40, 15.686274509803921, 87,
1400.5, 20.392156862745097, 39, 15.686274509803921, 87,
1387.0, 21.176470588235293, 40, 16.07843137254902, 87,
1394.5, 21.176470588235293, 39, 15.686274509803921, 87,
1390.0, 20.392156862745097, 39, 16.07843137254902, 87,
1401.0, 20.784313725490197, 39, 16.07843137254902, 87,
1401.5, 20.784313725490197, 39, 16.07843137254902, 87,
1386.0, 21.176470588235293, 39, 16.07843137254902, 87,
1387.5, 21.568627450980394, 39, 16.07843137254902, 87,
1370.5, 21.568627450980394, 39, 15.686274509803921, 87,
1216.5, 21.176470588235293, 38, 14.901960784313726, 87,
949.5, 20.392156862745097, 34, 14.509803921568627, 87,
794.0, 23.137254901960784, 30, 14.509803921568627, 87,
717.0, 25.098039215686274, 25, 14.509803921568627, 87,
677.5, 25.49019607843137, 19, 14.509803921568627, 87,
652.0, 26.274509803921568, 17, 14.117647058823529, 87,
648.5, 26.274509803921568, 15, 14.117647058823529, 87,
642.5, 26.666666666666668, 11, 14.117647058823529, 87,
624.0, 27.84313725490196, 10, 14.117647058823529, 87,
602.0, 27.84313725490196, 9, 14.117647058823529, 87,
654.5, 28.235294117647058, 9, 14.117647058823529, 87,
648.0, 29.41176470588235, 8, 14.117647058823529, 87,
656.5, 28.627450980392158, 6, 14.117647058823529, 87,
663.5, 27.84313725490196, 6, 14.509803921568627, 87,
707.0, 27.058823529411764, 6, 14.509803921568627, 87,
713.5, 25.88235294117647, 6, 14.509803921568627, 87,
721.0, 25.88235294117647, 5, 14.509803921568627, 88,
722.5, 28.235294117647058, 4, 16.470588235294116, 88,
693.5, 37.64705882352941, 3, 15.686274509803921, 88,
736.5, 36.07843137254902, 1, 15.686274509803921, 88,
738.0, 38.03921568627451, 0, 16.07843137254902, 88,
774.5, 38.431372549019606, 1, 16.07843137254902, 88,
769.0, 38.03921568627451, 1, 16.470588235294116, 88,
755.5, 41.1764705882353, 1, 16.470588235294116, 88,
755.5, 41.568627450980394, 2, 16.470588235294116, 89,
751.5, 43.529411764705884, 2, 16.470588235294116, 89,
806.0, 42.35294117647059, 2, 16.470588235294116, 89,
811.0, 41.568627450980394, 3, 16.470588235294116, 89,
817.0, 40.78431372549019, 3, 16.470588235294116, 89,
813.0, 40.78431372549019, 2, 16.470588235294116, 90,
787.0, 41.1764705882353, 2, 16.470588235294116, 90,
733.0, 51.76470588235294, 2, 17.254901960784313, 90,
871.0, 44.31372549019608, 2, 16.862745098039216, 90,
848.5, 43.13725490196079, 2, 16.470588235294116, 90,
819.5, 41.96078431372549, 1, 16.470588235294116, 90,
804.0, 43.13725490196079, 1, 16.862745098039216, 90,
826.0, 43.13725490196079, 2, 16.862745098039216, 90,
820.0, 42.745098039215684, 2, 16.862745098039216, 90,
840.0, 43.529411764705884, 1, 16.862745098039216, 90,
859.0, 41.96078431372549, 0, 16.862745098039216, 90,
835.5, 41.1764705882353, 0, 16.862745098039216, 90,
849.0, 41.96078431372549, 0, 16.862745098039216, 90,
832.0, 43.13725490196079, 0, 16.862745098039216, 90,
844.5, 43.13725490196079, 0, 16.862745098039216, 90,
845.0, 43.13725490196079, 0, 16.862745098039216, 90,
862.0, 42.35294117647059, 0, 16.862745098039216, 90,
856.5, 42.35294117647059, 0, 16.862745098039216, 90,
851.5, 42.35294117647059, 0, 16.862745098039216, 90,
838.0, 42.745098039215684, 0, 16.862745098039216, 90,
826.5, 43.92156862745098, 0, 16.862745098039216, 90,
854.0, 43.529411764705884, 0, 16.862745098039216, 90,
841.0, 43.92156862745098, 0, 16.862745098039216, 90,
865.0, 32.94117647058823, 0, 14.509803921568627, 90,
825.5, 28.235294117647058, 0, 14.509803921568627, 90,
746.0, 27.058823529411764, 0, 14.509803921568627, 90,
686.5, 27.058823529411764, 0, 14.509803921568627, 90,
659.0, 27.45098039215686, 0, 14.509803921568627, 90,
636.0, 27.84313725490196, 0, 14.509803921568627, 90,
633.5, 28.235294117647058, 0, 14.509803921568627, 90,
637.0, 28.627450980392158, 0, 14.509803921568627, 90,
640.0, 29.019607843137255, 0, 14.509803921568627, 90,
632.0, 30.58823529411765, 0, 14.509803921568627, 90,
644.5, 30.19607843137255, 0, 15.686274509803921, 90,
611.5, 43.529411764705884, 1, 15.686274509803921, 90,
871.0, 33.72549019607843, 1, 15.294117647058824, 90,
925.5, 27.84313725490196, 1, 15.294117647058824, 90,
816.5, 33.72549019607843, 2, 18.431372549019606, 90,
654.0, 50.588235294117645, 4, 17.254901960784313, 90,
769.0, 51.76470588235294, 6, 17.254901960784313, 90,
975.0, 40.3921568627451, 7, 16.862745098039216, 90,
1124.0, 36.470588235294116, 8, 18.431372549019606, 90,
1164.5, 41.96078431372549, 8, 17.254901960784313, 90,
1222.5, 34.11764705882353, 9, 17.254901960784313, 90,
1263.5, 32.549019607843135, 9, 17.254901960784313, 90,
1277.5, 33.72549019607843, 9, 17.254901960784313, 90,
1281.0, 32.549019607843135, 9, 17.254901960784313, 90,
1295.0, 30.980392156862745, 9, 16.862745098039216, 90,
1281.0, 30.58823529411765, 9, 16.862745098039216, 90,
1291.0, 29.41176470588235, 9, 16.862745098039216, 90,
1278.0, 29.019607843137255, 9, 20.392156862745097, 90,
1398.0, 58.431372549019606, 10, 20.392156862745097, 90,
1587.0, 36.07843137254902, 12, 17.647058823529413, 89,
1580.0, 21.568627450980394, 12, 16.470588235294116, 89,
1575.5, 20.392156862745097, 11, 16.470588235294116, 89,
1554.0, 32.15686274509804, 11, 18.823529411764707, 88,
1638.5, 36.86274509803921, 12, 18.823529411764707, 88,
1724.5, 24.313725490196077, 12, 16.470588235294116, 88,
1746.0, 18.431372549019606, 12, 16.470588235294116, 88,
1799.5, 27.058823529411764, 13, 18.03921568627451, 88,
1894.5, 25.49019607843137, 14, 18.431372549019606, 87,
2028.0, 24.705882352941178, 15, 18.823529411764707, 87,
2193.5, 18.823529411764707, 16, 17.254901960784313, 87,
2190.0, 19.215686274509803, 15, 18.03921568627451, 87,
2091.5, 24.705882352941178, 14, 17.647058823529413, 87,
1910.5, 20.392156862745097, 14, 16.07843137254902, 87,
1852.5, 18.431372549019606, 13, 17.254901960784313, 87,
1732.0, 23.137254901960784, 12, 16.470588235294116, 87,
1693.0, 31.372549019607842, 11, 21.176470588235293, 87,
1749.5, 58.431372549019606, 13, 22.352941176470587, 87,
2047.0, 60.3921568627451, 16, 24.705882352941178, 87,
2404.5, 59.6078431372549, 19, 20.392156862745097, 87,
1748.0, 23.92156862745098, 19, 16.862745098039216, 87,
1202.5, 41.96078431372549, 20, 21.568627450980394, 87,
1526.0, 69.80392156862744, 21, 22.745098039215687, 87,
1669.0, 66.66666666666667, 23, 23.137254901960784, 87,
1811.5, 45.490196078431374, 25, 17.647058823529413, 87,
1867.5, 53.72549019607843, 26, 21.96078431372549, 87,
1987.0, 55.294117647058826, 27, 19.607843137254903, 87,
2017.0, 18.823529411764707, 27, 16.862745098039216, 87,
1408.5, 21.176470588235293, 27, 15.686274509803921, 87,
1372.5, 48.23529411764706, 28, 20.0, 88,
1388.0, 58.03921568627451, 29, 20.392156862745097, 88,
1445.5, 58.03921568627451, 31, 20.392156862745097, 88,
1524.0, 56.07843137254902, 32, 20.784313725490197, 88,
1561.0, 21.568627450980394, 33, 16.07843137254902, 89,
1558.0, 18.823529411764707, 33, 16.470588235294116, 89,
1563.0, 21.96078431372549, 32, 16.470588235294116, 90,
1549.0, 21.568627450980394, 32, 16.470588235294116, 90,
1535.5, 21.176470588235293, 32, 16.07843137254902, 90,
1515.5, 20.392156862745097, 32, 16.07843137254902, 90,
1508.5, 20.784313725490197, 31, 16.07843137254902, 90,
1496.0, 20.392156862745097, 31, 16.07843137254902, 90,
1472.5, 20.392156862745097, 30, 15.686274509803921, 90,
1436.0, 20.0, 29, 15.686274509803921, 90,
1397.0, 20.392156862745097, 29, 15.686274509803921, 90,
1390.0, 23.529411764705884, 29, 16.470588235294116, 90,
1200.0, 28.235294117647058, 26, 16.470588235294116, 90,
1003.0, 31.764705882352942, 23, 16.07843137254902, 90,
923.0, 33.333333333333336, 19, 16.07843137254902, 90,
847.5, 34.509803921568626, 16, 16.07843137254902, 90,
774.0, 36.470588235294116, 14, 16.07843137254902, 90,
765.0, 37.64705882352941, 13, 16.07843137254902, 90,
752.0, 38.431372549019606, 13, 16.07843137254902, 90,
749.0, 38.431372549019606, 12, 16.07843137254902, 90,
972.0, 47.450980392156865, 12, 16.470588235294116, 90,
901.0, 69.80392156862744, 13, 21.176470588235293, 90,
1065.0, 60.3921568627451, 15, 18.823529411764707, 90,
1178.0, 53.333333333333336, 16, 19.607843137254903, 90,
1302.0, 58.03921568627451, 18, 20.392156862745097, 90,
1405.5, 59.6078431372549, 20, 20.784313725490197, 90,
1558.5, 56.470588235294116, 22, 21.176470588235293, 90,
1680.0, 56.07843137254902, 24, 21.96078431372549, 90,
1812.5, 57.254901960784316, 26, 21.176470588235293, 90,
1700.0, 27.058823529411764, 26, 15.294117647058824, 90,
1052.0, 21.96078431372549, 25, 14.901960784313726, 90,
1165.5, 20.0, 25, 15.294117647058824, 90,
1232.5, 35.294117647058826, 25, 20.784313725490197, 90,
1211.5, 64.31372549019608, 26, 20.392156862745097, 90,
1262.0, 65.09803921568627, 27, 20.784313725490197, 90,
1295.5, 65.88235294117646, 27, 20.784313725490197, 90,
1324.0, 66.27450980392157, 28, 21.176470588235293, 90,
1359.0, 67.45098039215686, 29, 21.176470588235293, 90,
1407.5, 67.05882352941177, 30, 21.176470588235293, 90,
1437.0, 65.88235294117646, 30, 21.568627450980394, 90,
1458.5, 34.509803921568626, 31, 19.215686274509803, 90,
1491.5, 49.411764705882355, 31, 20.0, 90,
1500.0, 55.294117647058826, 32, 20.784313725490197, 90,
1534.0, 58.03921568627451, 32, 21.176470588235293, 90,
1558.0, 58.431372549019606, 33, 21.176470588235293, 89,
1567.0, 31.764705882352942, 33, 18.823529411764707, 89,
1586.5, 40.3921568627451, 33, 19.215686274509803, 89,
1583.0, 41.96078431372549, 33, 14.901960784313726, 89,
1523.5, 18.823529411764707, 32, 16.07843137254902, 89,
1528.0, 21.568627450980394, 31, 16.470588235294116, 89,
1486.5, 21.568627450980394, 30, 16.07843137254902, 89,
1437.5, 21.96078431372549, 29, 15.686274509803921, 89,
1380.5, 21.568627450980394, 28, 15.686274509803921, 88,
1333.5, 21.176470588235293, 27, 15.294117647058824, 88,
1297.5, 20.392156862745097, 26, 15.294117647058824, 88,
1334.5, 18.823529411764707, 26, 18.431372549019606, 88,
1217.5, 25.098039215686274, 26, 16.862745098039216, 88,
1245.0, 29.80392156862745, 26, 17.254901960784313, 88,
1242.0, 35.68627450980392, 26, 18.823529411764707, 88,
1259.0, 52.549019607843135, 26, 19.215686274509803, 88,
1280.5, 57.64705882352941, 27, 20.392156862745097, 88,
1309.0, 67.05882352941177, 28, 21.176470588235293, 88,
1355.5, 69.41176470588235, 28, 21.96078431372549, 87,
1382.0, 71.37254901960785, 29, 21.96078431372549, 87,
1419.0, 70.98039215686275, 30, 21.96078431372549, 87,
1422.0, 26.666666666666668, 30, 18.431372549019606, 87,
1462.0, 40.0, 29, 18.823529411764707, 87,
1410.0, 50.19607843137255, 29, 19.607843137254903, 87,
1420.0, 54.11764705882353, 30, 20.0, 87,
1445.0, 58.03921568627451, 30, 20.392156862745097, 87,
1462.0, 34.509803921568626, 31, 15.294117647058824, 87,
1452.5, 35.294117647058826, 30, 17.254901960784313, 87,
1443.0, 20.392156862745097, 30, 15.686274509803921, 87,
1444.5, 21.176470588235293, 29, 17.254901960784313, 87,
1423.0, 38.8235294117647, 30, 19.607843137254903, 87,
1427.0, 50.98039215686274, 30, 19.607843137254903, 87,
1465.5, 50.98039215686274, 31, 19.607843137254903, 87,
1480.5, 50.588235294117645, 31, 19.607843137254903, 87,
1500.5, 50.588235294117645, 31, 20.0, 87,
1528.0, 52.549019607843135, 32, 20.392156862745097, 87,
1544.0, 31.764705882352942, 32, 16.07843137254902, 87,
1529.5, 18.823529411764707, 31, 16.07843137254902, 87,
1465.0, 21.568627450980394, 30, 18.03921568627451, 87,
1477.5, 36.07843137254902, 30, 18.431372549019606, 87,
1436.5, 38.8235294117647, 30, 18.431372549019606, 87,
1439.5, 38.03921568627451, 30, 19.607843137254903, 87,
1453.0, 52.94117647058823, 30, 20.0, 87,
1455.5, 52.549019607843135, 30, 17.647058823529413, 87,
1429.0, 21.96078431372549, 29, 16.07843137254902, 88,
1415.0, 21.568627450980394, 29, 16.07843137254902, 88,
1374.0, 22.352941176470587, 28, 16.07843137254902, 88,
1329.5, 22.745098039215687, 27, 17.254901960784313, 88,
1315.5, 38.8235294117647, 27, 18.431372549019606, 88,
1286.0, 45.09803921568628, 26, 18.431372549019606, 88,
1268.5, 48.23529411764706, 26, 19.607843137254903, 88,
1272.5, 57.64705882352941, 26, 20.0, 88,
1265.5, 58.431372549019606, 26, 20.0, 88,
1267.0, 23.137254901960784, 26, 15.294117647058824, 88,
1169.5, 20.392156862745097, 24, 15.294117647058824, 88,
1128.5, 32.15686274509804, 23, 18.823529411764707, 88,
1126.5, 51.76470588235294, 23, 19.607843137254903, 88,
1134.0, 63.13725490196079, 24, 20.0, 88,
1154.0, 64.31372549019608, 24, 20.392156862745097, 88,
1181.0, 64.70588235294117, 25, 13.72549019607843, 88,
1176.5, 23.529411764705884, 24, 15.294117647058824, 89,
1129.0, 20.784313725490197, 23, 14.901960784313726, 89,
1059.5, 20.784313725490197, 21, 14.901960784313726, 89,
1055.0, 26.274509803921568, 20, 16.07843137254902, 89,
975.5, 24.313725490196077, 19, 15.294117647058824, 89,
918.0, 28.627450980392158, 18, 15.686274509803921, 89,
856.5, 30.19607843137255, 17, 15.686274509803921, 89,
798.5, 32.15686274509804, 16, 15.686274509803921, 89,
723.5, 35.294117647058826, 15, 15.686274509803921, 90,
713.5, 37.254901960784316, 14, 16.07843137254902, 89,
763.5, 38.431372549019606, 13, 16.07843137254902, 90,
772.5, 38.8235294117647, 11, 16.07843137254902, 90,
845.0, 36.86274509803921, 10, 20.0, 90,
795.0, 75.68627450980392, 10, 43.13725490196079, 90,
822.0, 80.0, 11, 85.88235294117646, 90,
898.5, 81.96078431372548, 13, 87.84313725490196, 90,
1010.0, 61.96078431372549, 14, 15.686274509803921, 90,
974.5, 32.94117647058823, 11, 15.686274509803921, 90,
804.0, 33.333333333333336, 10, 15.686274509803921, 90,
717.0, 36.470588235294116, 9, 15.686274509803921, 90,
745.0, 41.96078431372549, 8, 16.470588235294116, 90,
675.5, 58.03921568627451, 9, 19.215686274509803, 90,
825.5, 66.66666666666667, 11, 20.392156862745097, 90,
895.0, 68.23529411764706, 13, 20.784313725490197, 90,
989.0, 68.62745098039215, 14, 20.784313725490197, 90,
1120.0, 69.01960784313725, 16, 20.784313725490197, 90,
1228.0, 72.54901960784314, 17, 21.96078431372549, 90,
1338.5, 75.68627450980392, 19, 22.745098039215687, 90,
1454.5, 72.54901960784314, 21, 22.745098039215687, 90,
1554.0, 35.68627450980392, 21, 17.254901960784313, 90,
1257.0, 30.58823529411765, 21, 16.862745098039216, 90,
945.5, 32.15686274509804, 21, 16.470588235294116, 90,
1005.0, 33.72549019607843, 21, 16.862745098039216, 90,
996.0, 34.509803921568626, 21, 14.117647058823529, 90,
1022.0, 25.098039215686274, 21, 14.901960784313726, 90,
993.0, 23.137254901960784, 20, 14.509803921568627, 90,
968.5, 22.352941176470587, 19, 14.509803921568627, 90,
900.0, 22.352941176470587, 18, 14.509803921568627, 90,
865.0, 21.568627450980394, 18, 14.509803921568627, 90,
898.0, 21.96078431372549, 18, 14.509803921568627, 90,
856.5, 21.568627450980394, 16, 14.117647058823529, 90,
765.5, 22.745098039215687, 16, 14.117647058823529, 90,
746.5, 22.745098039215687, 15, 14.117647058823529, 90,
700.5, 25.49019607843137, 15, 18.431372549019606, 90,
712.0, 60.3921568627451, 15, 19.607843137254903, 90,
755.5, 69.41176470588235, 16, 20.392156862745097, 90,
825.0, 69.41176470588235, 18, 20.784313725490197, 90,
878.0, 73.33333333333333, 19, 24.705882352941178, 90,
944.5, 82.3529411764706, 20, 63.13725490196079, 90,
978.0, 86.66666666666667, 21, 86.27450980392157, 90,
1061.0, 89.80392156862744, 22, 48.627450980392155, 90,
1103.5, 63.13725490196079, 24, 14.901960784313726, 90,
1129.0, 28.627450980392158, 23, 16.07843137254902, 90,
1106.5, 26.666666666666668, 23, 16.07843137254902, 90,
1084.5, 27.058823529411764, 22, 16.07843137254902, 90,
1073.5, 27.84313725490196, 22, 19.215686274509803, 90,
1144.5, 60.78431372549019, 22, 20.392156862745097, 90,
1083.0, 66.27450980392157, 23, 20.392156862745097, 90,
1120.0, 67.05882352941177, 23, 20.392156862745097, 90,
1130.0, 64.70588235294117, 24, 20.0, 90,
1158.5, 63.529411764705884, 24, 20.0, 90,
1169.5, 23.137254901960784, 24, 15.294117647058824, 90,
1143.5, 21.176470588235293, 23, 14.901960784313726, 90,
1089.5, 20.784313725490197, 22, 14.901960784313726, 89,
1031.5, 20.392156862745097, 20, 14.509803921568627, 89,
1028.0, 20.0, 19, 14.509803921568627, 89,
957.5, 43.92156862745098, 19, 17.647058823529413, 89,
940.0, 47.450980392156865, 19, 17.647058823529413, 89,
944.5, 26.666666666666668, 19, 14.509803921568627, 89,
910.5, 22.352941176470587, 19, 14.901960784313726, 89,
908.0, 27.45098039215686, 18, 15.686274509803921, 89,
852.0, 29.80392156862745, 17, 15.686274509803921, 89,
821.0, 31.372549019607842, 17, 15.686274509803921, 89,
726.5, 34.90196078431372, 16, 15.686274509803921, 88,
732.0, 36.470588235294116, 15, 15.686274509803921, 89,
758.5, 37.64705882352941, 11, 16.07843137254902, 88,
783.0, 37.64705882352941, 6, 15.686274509803921, 88,
749.0, 36.86274509803921, 5, 15.686274509803921, 88,
747.5, 36.86274509803921, 5, 15.686274509803921, 88,
729.0, 40.78431372549019, 3, 19.215686274509803, 88,
509.0, 58.03921568627451, 4, 18.03921568627451, 88,
869.5, 55.68627450980392, 5, 20.0, 88,
385.0, 79.6078431372549, 6, 54.90196078431372, 88,
554.5, 80.0, 8, 85.49019607843137, 88,
674.5, 80.0, 10, 87.84313725490196, 88,
818.5, 80.0, 12, 87.84313725490196, 88,
951.0, 83.52941176470588, 14, 73.72549019607843, 89,
1077.0, 82.3529411764706, 15, 23.92156862745098, 89,
1210.5, 49.80392156862745, 16, 17.254901960784313, 89,
1239.5, 33.333333333333336, 16, 16.862745098039216, 89,
1211.5, 32.15686274509804, 16, 16.862745098039216, 89,
1194.0, 31.764705882352942, 16, 16.862745098039216, 89,
1163.5, 33.72549019607843, 15, 16.862745098039216, 89,
1117.0, 32.549019607843135, 12, 16.470588235294116, 89,
1030.0, 32.94117647058823, 10, 16.07843137254902, 89,
933.0, 33.333333333333336, 9, 16.07843137254902, 88,
854.0, 36.07843137254902, 9, 16.07843137254902, 89,
770.0, 37.64705882352941, 9, 16.07843137254902, 88,
757.0, 38.8235294117647, 8, 16.07843137254902, 88,
758.5, 39.21568627450981, 8, 16.07843137254902, 88,
752.0, 39.21568627450981, 7, 16.07843137254902, 88,
752.0, 40.0, 7, 16.07843137254902, 88,
487.0, 49.411764705882355, 8, 16.862745098039216, 88,
607.0, 50.98039215686274, 8, 16.470588235294116, 88,
655.0, 50.588235294117645, 9, 16.07843137254902, 88,
695.5, 46.666666666666664, 9, 16.07843137254902, 88,
721.5, 43.13725490196079, 9, 16.07843137254902, 89,
751.0, 55.294117647058826, 10, 20.0, 89,
817.0, 73.33333333333333, 11, 21.96078431372549, 89,
906.5, 71.37254901960785, 13, 21.176470588235293, 89,
1009.0, 63.529411764705884, 14, 18.823529411764707, 89,
1065.0, 51.76470588235294, 14, 17.647058823529413, 89,
1103.0, 44.31372549019608, 15, 17.647058823529413, 89,
1114.0, 41.96078431372549, 15, 17.647058823529413, 89,
1115.5, 41.1764705882353, 15, 17.647058823529413, 89,
1138.5, 40.3921568627451, 15, 17.647058823529413, 89,
1139.0, 39.21568627450981, 15, 17.647058823529413, 89,
1151.5, 38.8235294117647, 15, 17.254901960784313, 89,
1122.5, 39.6078431372549, 14, 17.254901960784313, 89,
1066.5, 38.431372549019606, 14, 16.862745098039216, 89,
1059.0, 58.431372549019606, 14, 19.607843137254903, 89,
1077.5, 62.745098039215684, 15, 20.0, 89,
1144.0, 61.96078431372549, 16, 20.0, 89,
1185.5, 53.333333333333336, 16, 18.431372549019606, 88,
1224.5, 31.372549019607842, 17, 20.0, 88,
1246.5, 55.294117647058826, 18, 19.607843137254903, 89,
1349.0, 51.372549019607845, 18, 16.862745098039216, 88,
1372.5, 24.313725490196077, 18, 15.686274509803921, 88,
1295.5, 20.0, 18, 15.294117647058824, 88,
1272.5, 20.392156862745097, 16, 15.294117647058824, 88,
1115.0, 25.49019607843137, 15, 16.07843137254902, 88,
1146.0, 33.72549019607843, 15, 17.254901960784313, 88,
1152.5, 36.07843137254902, 15, 17.254901960784313, 88,
1150.0, 34.11764705882353, 15, 14.509803921568627, 88,
1134.5, 20.392156862745097, 15, 15.294117647058824, 88,
1140.5, 41.96078431372549, 14, 16.470588235294116, 88,
1057.0, 31.372549019607842, 14, 16.07843137254902, 88,
996.0, 30.19607843137255, 13, 16.07843137254902, 88,
973.0, 30.980392156862745, 12, 16.07843137254902, 88,
906.5, 31.764705882352942, 12, 16.07843137254902, 88,
849.0, 33.333333333333336, 11, 15.686274509803921, 88,
782.5, 34.509803921568626, 10, 15.686274509803921, 88,
743.5, 36.07843137254902, 7, 15.686274509803921, 88,
735.0, 36.86274509803921, 5, 15.686274509803921, 88,
737.0, 38.03921568627451, 3, 16.07843137254902, 88,
746.5, 40.3921568627451, 2, 18.431372549019606, 88,
692.5, 63.529411764705884, 3, 18.823529411764707, 88,
1211.5, 35.294117647058826, 2, 16.862745098039216, 88,
954.5, 33.72549019607843, 2, 16.470588235294116, 88,
838.5, 37.254901960784316, 1, 16.470588235294116, 88,
763.5, 43.13725490196079, 0, 17.647058823529413, 88,
752.0, 41.568627450980394, 1, 15.686274509803921, 88,
688.0, 40.3921568627451, 2, 16.470588235294116, 88,
267.5, 59.6078431372549, 2, 9.803921568627452, 88,
1419.0, 38.03921568627451, 3, 18.431372549019606, 88,
969.5, 57.254901960784316, 5, 19.607843137254903, 88,
838.5, 63.529411764705884, 7, 19.607843137254903, 88,
1211.0, 56.07843137254902, 9, 19.215686274509803, 88,
1453.0, 49.01960784313726, 11, 19.215686274509803, 88,
1589.0, 39.21568627450981, 12, 18.823529411764707, 88,
1744.5, 39.21568627450981, 13, 20.0, 88,
1887.0, 50.19607843137255, 14, 20.0, 88,
1955.0, 26.274509803921568, 14, 16.07843137254902, 88,
1019.5, 29.019607843137255, 13, 18.03921568627451, 88,
992.5, 67.45098039215686, 13, 23.92156862745098, 87,
985.0, 84.70588235294117, 14, 45.88235294117647, 87,
1074.5, 87.45098039215686, 15, 25.88235294117647, 87,
1192.5, 83.92156862745098, 17, 23.137254901960784, 87,
1315.5, 76.47058823529412, 18, 22.352941176470587, 87,
1417.5, 30.19607843137255, 19, 16.07843137254902, 87,
1388.0, 23.92156862745098, 18, 16.07843137254902, 87,
1321.5, 23.137254901960784, 17, 16.07843137254902, 88,
1262.0, 23.529411764705884, 16, 16.07843137254902, 87,
1187.0, 24.705882352941178, 15, 16.07843137254902, 88,
1126.0, 27.45098039215686, 15, 17.254901960784313, 88,
1027.0, 40.0, 14, 18.431372549019606, 88,
1079.5, 65.88235294117646, 15, 20.392156862745097, 88,
1166.5, 68.62745098039215, 16, 16.470588235294116, 88,
1184.0, 32.15686274509804, 16, 17.254901960784313, 88,
1135.0, 40.3921568627451, 15, 17.647058823529413, 87,
1170.0, 44.705882352941174, 16, 18.03921568627451, 88,
1204.5, 44.31372549019608, 16, 18.431372549019606, 87,
1235.5, 44.31372549019608, 17, 18.03921568627451, 87,
1245.5, 23.529411764705884, 17, 15.294117647058824, 88,
1187.0, 20.392156862745097, 16, 14.901960784313726, 88,
1237.0, 27.84313725490196, 15, 18.431372549019606, 88,
1117.5, 45.09803921568628, 16, 18.431372549019606, 88,
1202.0, 48.23529411764706, 17, 19.607843137254903, 88,
1280.5, 27.058823529411764, 17, 15.294117647058824, 88,
1001.0, 21.176470588235293, 17, 19.607843137254903, 88,
869.5, 51.76470588235294, 17, 21.96078431372549, 88,
832.5, 79.2156862745098, 18, 52.94117647058823, 88,
868.5, 80.0, 18, 87.05882352941177, 88,
889.5, 41.568627450980394, 19, 16.07843137254902, 88,
884.5, 41.1764705882353, 18, 17.254901960784313, 88,
888.0, 49.411764705882355, 18, 19.215686274509803, 88,
894.0, 37.254901960784316, 18, 16.07843137254902, 88,
879.0, 32.94117647058823, 18, 15.686274509803921, 88,
880.0, 32.15686274509804, 18, 15.686274509803921, 88,
849.0, 32.94117647058823, 18, 19.215686274509803, 88,
834.5, 63.92156862745098, 18, 22.745098039215687, 88,
902.5, 77.25490196078431, 19, 25.098039215686274, 88,
988.5, 83.52941176470588, 21, 29.80392156862745, 89,
1044.5, 81.96078431372548, 22, 24.313725490196077, 89,
1106.5, 72.94117647058823, 24, 20.784313725490197, 89,
1199.0, 39.21568627450981, 25, 14.901960784313726, 89,
1188.5, 20.392156862745097, 25, 15.294117647058824, 89,
1219.5, 20.392156862745097, 25, 15.294117647058824, 89,
1195.5, 20.0, 25, 14.901960784313726, 89,
1184.0, 19.607843137254903, 24, 14.901960784313726, 89,
1162.0, 19.607843137254903, 24, 14.901960784313726, 89,
1148.0, 19.215686274509803, 24, 14.901960784313726, 89,
1138.0, 19.215686274509803, 23, 14.901960784313726, 89,
1121.5, 19.215686274509803, 23, 14.901960784313726, 89,
1101.5, 19.215686274509803, 23, 14.901960784313726, 89,
1041.5, 19.215686274509803, 23, 16.862745098039216, 89,
1126.5, 24.313725490196077, 22, 15.686274509803921, 89,
1088.0, 26.666666666666668, 22, 16.07843137254902, 88,
1085.0, 27.45098039215686, 22, 16.07843137254902, 88,
1083.0, 27.45098039215686, 22, 16.07843137254902, 88,
1077.0, 28.235294117647058, 22, 16.07843137254902, 88,
1075.5, 58.431372549019606, 23, 19.607843137254903, 88,
1101.0, 31.764705882352942, 23, 16.07843137254902, 88,
919.5, 29.80392156862745, 24, 15.686274509803921, 88,
859.5, 31.764705882352942, 24, 15.686274509803921, 88,
860.5, 32.15686274509804, 24, 15.686274509803921, 88,
876.0, 31.372549019607842, 25, 15.686274509803921, 88,
874.0, 30.980392156862745, 25, 15.686274509803921, 88,
898.0, 31.764705882352942, 25, 16.07843137254902, 88,
899.5, 31.764705882352942, 25, 16.07843137254902, 88,
810.0, 33.333333333333336, 24, 15.686274509803921, 88,
732.0, 29.80392156862745, 21, 14.117647058823529, 88,
701.5, 26.666666666666668, 18, 14.509803921568627, 88,
650.5, 26.666666666666668, 16, 14.117647058823529, 88,
648.5, 26.666666666666668, 13, 14.117647058823529, 88,
640.5, 26.666666666666668, 10, 14.117647058823529, 88,
628.5, 27.84313725490196, 10, 14.117647058823529, 88,
650.5, 27.84313725490196, 10, 14.117647058823529, 88,
662.5, 27.058823529411764, 10, 14.117647058823529, 88,
653.5, 28.235294117647058, 10, 14.117647058823529, 88,
652.5, 29.019607843137255, 10, 16.07843137254902, 88,
600.0, 37.254901960784316, 10, 15.294117647058824, 88,
644.0, 36.86274509803921, 10, 15.294117647058824, 88,
799.0, 49.80392156862745, 11, 17.647058823529413, 88,
839.5, 53.72549019607843, 12, 20.392156862745097, 88,
911.5, 73.72549019607843, 13, 23.529411764705884, 88,
1085.5, 78.43137254901961, 15, 23.137254901960784, 88,
1203.0, 78.82352941176471, 17, 22.352941176470587, 88,
1358.0, 73.33333333333333, 19, 22.352941176470587, 88,
1472.0, 44.31372549019608, 21, 14.901960784313726, 88,
1485.5, 23.137254901960784, 20, 16.07843137254902, 88,
1501.5, 20.0, 20, 16.07843137254902, 88,
1459.5, 19.607843137254903, 19, 16.07843137254902, 88,
1442.0, 20.392156862745097, 19, 16.07843137254902, 88,
1402.0, 21.176470588235293, 19, 16.07843137254902, 88,
1471.5, 44.31372549019608, 19, 20.0, 88,
1443.0, 52.94117647058823, 20, 18.03921568627451, 88,
1384.5, 24.705882352941178, 20, 16.07843137254902, 88,
938.0, 27.45098039215686, 20, 14.901960784313726, 88,
954.5, 21.176470588235293, 20, 18.03921568627451, 88,
976.5, 44.31372549019608, 21, 17.647058823529413, 88,
1009.5, 50.19607843137255, 22, 18.823529411764707, 87,
1085.0, 45.09803921568628, 22, 14.509803921568627, 87,
1097.0, 21.568627450980394, 23, 14.901960784313726, 87,
1130.5, 19.607843137254903, 23, 14.901960784313726, 87,
1137.0, 19.215686274509803, 23, 14.901960784313726, 87,
1140.0, 45.490196078431374, 24, 20.392156862745097, 87,
1168.5, 26.274509803921568, 25, 14.901960784313726, 87,
919.5, 22.352941176470587, 25, 14.509803921568627, 87,
858.0, 22.745098039215687, 25, 14.509803921568627, 87,
812.5, 23.137254901960784, 26, 14.509803921568627, 87,
1261.0, 23.137254901960784, 25, 20.392156862745097, 87,
1263.0, 74.11764705882354, 27, 22.745098039215687, 87,
1293.5, 78.82352941176471, 28, 23.137254901960784, 87,
1373.5, 79.2156862745098, 30, 17.647058823529413, 87,
1444.0, 43.92156862745098, 31, 16.862745098039216, 87,
1476.5, 20.0, 30, 16.07843137254902, 87,
1465.0, 18.823529411764707, 30, 16.07843137254902, 87,
1461.5, 18.823529411764707, 30, 16.07843137254902, 87,
1447.5, 19.215686274509803, 30, 16.07843137254902, 87,
1438.0, 20.0, 30, 16.07843137254902, 87,
1394.0, 21.96078431372549, 29, 14.901960784313726, 87,
1025.0, 20.392156862745097, 24, 14.901960784313726, 87,
933.5, 21.96078431372549, 21, 14.509803921568627, 87,
797.5, 23.137254901960784, 18, 14.509803921568627, 87,
729.0, 23.529411764705884, 14, 14.117647058823529, 87,
683.0, 25.098039215686274, 10, 14.117647058823529, 87,
661.0, 25.49019607843137, 6, 14.117647058823529, 87,
643.0, 26.666666666666668, 5, 14.117647058823529, 87,
626.5, 26.666666666666668, 4, 14.117647058823529, 87,
647.0, 27.84313725490196, 5, 14.117647058823529, 88,
486.0, 36.07843137254902, 5, 14.901960784313726, 88,
738.0, 31.372549019607842, 5, 14.901960784313726, 88,
832.5, 42.35294117647059, 6, 19.607843137254903, 88,
701.0, 65.09803921568627, 8, 18.823529411764707, 88,
664.5, 63.529411764705884, 9, 16.470588235294116, 88,
852.0, 44.31372549019608, 10, 16.470588235294116, 88,
914.0, 37.64705882352941, 10, 16.470588235294116, 88,
848.5, 36.470588235294116, 10, 16.07843137254902, 88,
779.0, 38.431372549019606, 10, 18.431372549019606, 88,
823.5, 64.70588235294117, 11, 20.392156862745097, 89,
952.5, 67.45098039215686, 13, 20.392156862745097, 89,
1044.5, 67.45098039215686, 15, 20.392156862745097, 89,
1154.0, 66.66666666666667, 16, 20.392156862745097, 89,
1293.0, 61.568627450980394, 18, 20.392156862745097, 89,
1395.0, 60.3921568627451, 19, 20.392156862745097, 89,
1473.5, 34.11764705882353, 20, 16.07843137254902, 90,
1427.5, 23.529411764705884, 20, 16.07843137254902, 90,
1489.5, 20.392156862745097, 19, 15.686274509803921, 90,
1435.0, 21.568627450980394, 19, 18.823529411764707, 90,
1365.0, 41.1764705882353, 20, 18.823529411764707, 90,
1496.5, 20.0, 20, 15.686274509803921, 90,
1502.0, 18.431372549019606, 20, 15.686274509803921, 89,
1439.0, 20.784313725490197, 20, 16.07843137254902, 89,
1431.0, 21.568627450980394, 19, 15.686274509803921, 89,
1401.5, 20.784313725490197, 19, 18.03921568627451, 89,
1405.0, 32.549019607843135, 19, 17.647058823529413, 89,
1470.5, 34.90196078431372, 20, 18.823529411764707, 88,
1537.0, 47.05882352941177, 21, 20.0, 88,
1588.5, 50.19607843137255, 22, 20.392156862745097, 88,
1675.0, 38.8235294117647, 23, 15.686274509803921, 88,
1221.5, 27.058823529411764, 23, 16.470588235294116, 88,
975.0, 30.980392156862745, 22, 16.07843137254902, 88,
1091.0, 29.41176470588235, 22, 16.07843137254902, 88,
1064.5, 29.41176470588235, 22, 16.07843137254902, 88,
1070.0, 29.41176470588235, 22, 16.07843137254902, 88,
1061.5, 29.019607843137255, 22, 16.07843137254902, 87,
1073.0, 29.019607843137255, 22, 16.07843137254902, 87,
1065.0, 28.627450980392158, 22, 16.07843137254902, 88,
1071.5, 28.627450980392158, 22, 16.07843137254902, 87,
1059.0, 28.627450980392158, 22, 16.07843137254902, 87,
1072.0, 28.627450980392158, 22, 16.07843137254902, 87,
1115.5, 61.96078431372549, 23, 21.568627450980394, 87,
1132.5, 73.33333333333333, 24, 22.352941176470587, 87,
1192.0, 77.6470588235294, 26, 22.745098039215687, 87,
1265.0, 73.33333333333333, 27, 21.176470588235293, 87,
1330.5, 65.49019607843137, 28, 20.784313725490197, 87,
1390.0, 62.35294117647059, 30, 20.784313725490197, 87,
1446.0, 23.137254901960784, 30, 15.686274509803921, 87,
1421.5, 18.823529411764707, 29, 15.686274509803921, 87,
1407.5, 21.176470588235293, 29, 15.686274509803921, 87,
1391.0, 20.784313725490197, 29, 15.686274509803921, 87,
1375.0, 20.784313725490197, 28, 15.294117647058824, 87,
1353.0, 20.0, 28, 15.294117647058824, 88,
1325.0, 20.392156862745097, 28, 15.294117647058824, 88,
1311.5, 20.0, 27, 15.294117647058824, 88,
1289.5, 18.823529411764707, 27, 15.294117647058824, 88,
1275.5, 22.352941176470587, 26, 15.686274509803921, 88,
1262.5, 22.745098039215687, 26, 15.686274509803921, 88,
1250.5, 22.745098039215687, 26, 15.686274509803921, 88,
1228.5, 23.529411764705884, 25, 16.07843137254902, 88,
1210.0, 24.313725490196077, 25, 16.07843137254902, 88,
1190.5, 24.705882352941178, 24, 16.07843137254902, 88,
1179.0, 25.098039215686274, 24, 16.07843137254902, 88,
1170.0, 25.49019607843137, 24, 16.07843137254902, 88,
1030.0, 29.019607843137255, 22, 16.07843137254902, 88,
829.0, 32.549019607843135, 17, 15.686274509803921, 88,
773.5, 34.509803921568626, 13, 15.686274509803921, 88,
761.0, 35.68627450980392, 11, 15.686274509803921, 88,
754.5, 34.509803921568626, 11, 14.509803921568627, 88,
742.5, 27.45098039215686, 11, 14.509803921568627, 88,
694.0, 27.058823529411764, 11, 14.117647058823529, 88,
666.0, 27.058823529411764, 10, 14.117647058823529, 88,
899.0, 41.96078431372549, 11, 18.03921568627451, 88,
853.0, 50.19607843137255, 12, 17.647058823529413, 88,
935.0, 48.23529411764706, 13, 18.03921568627451, 88,
1056.0, 47.84313725490196, 15, 18.03921568627451, 88,
1096.5, 47.450980392156865, 15, 22.352941176470587, 89,
1301.5, 63.13725490196079, 17, 20.0, 89,
1383.5, 54.509803921568626, 19, 15.294117647058824, 89,
1438.0, 21.568627450980394, 19, 15.686274509803921, 89,
1441.0, 18.823529411764707, 19, 15.686274509803921, 89,
1351.5, 21.568627450980394, 17, 16.07843137254902, 89,
1250.0, 23.92156862745098, 17, 16.07843137254902, 89,
1213.5, 23.92156862745098, 16, 16.07843137254902, 89,
1171.0, 25.49019607843137, 16, 16.07843137254902, 89,
1143.5, 25.88235294117647, 15, 20.784313725490197, 89,
1220.0, 61.96078431372549, 16, 20.392156862745097, 89,
1211.5, 62.745098039215684, 17, 20.0, 89,
1306.0, 60.0, 18, 20.0, 89,
1349.0, 27.45098039215686, 18, 16.07843137254902, 89,
1356.0, 23.529411764705884, 18, 16.07843137254902, 89,
1295.0, 23.529411764705884, 17, 16.07843137254902, 89,
1222.5, 23.137254901960784, 16, 15.294117647058824, 89,
1140.5, 19.607843137254903, 15, 14.901960784313726, 89,
1052.5, 20.0, 14, 14.509803921568627, 89,
894.0, 21.96078431372549, 13, 14.509803921568627, 89,
890.0, 28.627450980392158, 12, 16.07843137254902, 88,
959.0, 31.372549019607842, 13, 16.470588235294116, 88,
978.0, 33.72549019607843, 13, 16.470588235294116, 88,
998.0, 23.137254901960784, 13, 14.509803921568627, 88,
981.0, 20.784313725490197, 13, 14.509803921568627, 88,
958.0, 19.607843137254903, 12, 14.509803921568627, 88,
917.0, 21.568627450980394, 12, 16.07843137254902, 88,
912.5, 33.333333333333336, 12, 16.07843137254902, 88,
892.0, 29.41176470588235, 12, 15.686274509803921, 88,
876.5, 29.019607843137255, 11, 15.686274509803921, 88,
836.0, 30.58823529411765, 10, 15.686274509803921, 88,
765.0, 32.549019607843135, 10, 15.686274509803921, 88,
721.5, 34.90196078431372, 9, 15.686274509803921, 88,
687.5, 46.27450980392157, 8, 16.07843137254902, 88,
729.0, 45.09803921568628, 8, 17.254901960784313, 88,
617.5, 56.86274509803921, 8, 16.862745098039216, 88,
628.0, 62.745098039215684, 8, 18.823529411764707, 88,
665.5, 70.19607843137256, 9, 20.392156862745097, 88,
681.0, 72.15686274509804, 9, 20.392156862745097, 88,
739.0, 69.01960784313725, 10, 18.823529411764707, 88,
762.5, 65.09803921568627, 10, 18.823529411764707, 88,
783.0, 48.627450980392155, 10, 16.470588235294116, 88,
764.5, 43.13725490196079, 10, 19.607843137254903, 88,
758.0, 71.37254901960785, 10, 23.137254901960784, 88,
815.5, 74.90196078431373, 11, 23.529411764705884, 88,
916.0, 76.07843137254902, 13, 23.529411764705884, 88,
995.0, 76.86274509803921, 14, 23.137254901960784, 88,
1081.0, 76.07843137254902, 15, 21.96078431372549, 88,
1163.5, 72.94117647058823, 16, 21.176470588235293, 88,
1247.0, 69.41176470588235, 17, 20.784313725490197, 88,
1316.5, 50.19607843137255, 18, 16.862745098039216, 88,
1218.5, 33.333333333333336, 16, 16.862745098039216, 88,
1086.0, 33.333333333333336, 14, 16.470588235294116, 88,
1006.0, 34.509803921568626, 12, 16.470588235294116, 88,
902.0, 27.84313725490196, 10, 14.901960784313726, 88,
812.5, 25.49019607843137, 8, 14.901960784313726, 88,
757.0, 27.45098039215686, 7, 14.901960784313726, 88,
680.0, 29.019607843137255, 6, 14.901960784313726, 88,
680.0, 29.41176470588235, 5, 14.509803921568627, 88,
681.0, 29.41176470588235, 4, 14.509803921568627, 88,
652.5, 27.45098039215686, 4, 14.117647058823529, 88,
629.5, 27.45098039215686, 3, 14.117647058823529, 88,
620.0, 30.19607843137255, 2, 14.901960784313726, 88,
455.0, 38.8235294117647, 2, 14.901960784313726, 88,
471.0, 42.745098039215684, 3, 14.901960784313726, 88,
531.0, 41.96078431372549, 3, 15.294117647058824, 88,
576.5, 43.13725490196079, 4, 15.686274509803921, 88,
609.0, 44.31372549019608, 4, 15.686274509803921, 89,
650.5, 42.35294117647059, 5, 15.686274509803921, 89,
704.5, 41.96078431372549, 5, 16.07843137254902, 89,
895.5, 35.294117647058826, 4, 16.07843137254902, 89,
1080.5, 28.235294117647058, 2, 15.686274509803921, 89,
985.5, 30.19607843137255, 0, 16.470588235294116, 89,
870.0, 36.470588235294116, 0, 16.470588235294116, 90,
830.0, 40.0, 1, 18.03921568627451, 90,
702.0, 51.372549019607845, 2, 17.254901960784313, 90,
913.0, 46.666666666666664, 2, 17.647058823529413, 89,
889.5, 46.27450980392157, 2, 17.254901960784313, 89,
875.5, 45.88235294117647, 2, 16.862745098039216, 89,
837.5, 45.09803921568628, 0, 16.862745098039216, 89,
833.0, 44.31372549019608, 1, 16.862745098039216, 89,
823.0, 43.92156862745098, 1, 16.470588235294116, 89,
827.0, 43.13725490196079, 1, 16.862745098039216, 89,
840.5, 42.745098039215684, 1, 16.470588235294116, 89,
818.0, 43.13725490196079, 1, 16.862745098039216, 89,
798.5, 44.31372549019608, 1, 16.862745098039216, 89,
824.0, 45.490196078431374, 1, 16.862745098039216, 89,
855.5, 43.92156862745098, 1, 16.470588235294116, 89,
841.5, 43.529411764705884, 1, 16.470588235294116, 89,
815.0, 42.745098039215684, 1, 16.470588235294116, 89,
812.0, 43.13725490196079, 1, 16.470588235294116, 89,
835.0, 39.6078431372549, 0, 14.117647058823529, 89,
779.5, 31.764705882352942, 0, 14.509803921568627, 89,
731.0, 29.019607843137255, 0, 14.509803921568627, 89,
683.5, 28.235294117647058, 0, 14.509803921568627, 89,
644.5, 27.45098039215686, 0, 14.117647058823529, 89,
648.0, 28.627450980392158, 0, 14.117647058823529, 89,
644.5, 29.019607843137255, 0, 14.509803921568627, 89,
651.5, 29.41176470588235, 0, 14.509803921568627, 89,
664.0, 30.58823529411765, 0, 17.254901960784313, 89,
591.5, 38.8235294117647, 0, 15.294117647058824, 89,
748.5, 31.764705882352942, 0, 14.509803921568627, 89,
734.5, 35.294117647058826, 0, 18.03921568627451, 90,
1300.5, 42.35294117647059, 0, 18.03921568627451, 90,
1295.0, 42.35294117647059, 0, 18.03921568627451, 90,
1018.0, 35.294117647058826, 0, 16.862745098039216, 89,
742.5, 53.72549019607843, 0, 18.03921568627451, 89,
800.0, 56.07843137254902, 0, 18.03921568627451, 89,
824.5, 53.72549019607843, 0, 17.647058823529413, 89,
1085.5, 44.705882352941174, 0, 17.647058823529413, 89,
1183.5, 38.8235294117647, 0, 17.254901960784313, 89,
1163.5, 39.21568627450981, 0, 